532.446
505.732
540.156
627.068
534.638
508.491
510.005
573.137
506.15
535.271
527.109
509.086
530.293
546.125
570.5
498.194
529.806
540.372
503.619
565.756
514.105
529.005
567.532
533.473
542.293
517.991
513.727
570.916
505.889
525.674
496.289
555.523
524.516
509.084
495.254
545.668
532.728
567.425
511.626
542.948
506.047
543.952
514.42
528.073
539.484
511.522
678.453
495.755
520.77
540.178
528.247
508.42
574.452
540.72
534.767
523.817
515.758
503.626
491.721
588.538
536.208
649.595
550.303
505.201
508.471
557.026
523.006
575.629
508.411
504.881
495.55
513.329
575.409
495.93
571.615
509.854
520.966
497.909
520.648
544.147
560.699
579.048
533.545
513.488
514.815
525.49
537.393
523.71
550.879
513.7
574.654
556.663
558.203
572.719
498.557
541.873
496.204
531.97
539.764
501.607
499.247
508.028
531.313
589.288
532.277
537.024
516.851
507.056
536.112
586.907
594.321
515.247
531.962
511.166
578.082
614.346
522.376
512.786
517.47
517.863
551.349
543.961
606.493
503.197
536.084
507.005
535.515
515.169
506.475
505.351
506.843
542.666
499.791
565.484
506.773
632.83
515.658
533.797
513.905
533.94
507.207
498.128
544.432
502.027
586.997
509.97
669.773
520.998
503.709
530.982
539.225
563.948
511.618
505.444
524.451
499.372
560.087
501.826
567.675
523.276
520.832
565.185
554.532
509.964
535.152
539.157
535.685
578.553
498.573
522.544
547.403
502.474
510.547
512.119
517.771
564.16
544.762
651.018
513.367
528.179
607.626
504.054
567.88
515.354
555.949
558.952
569.236
543.546
545.063
502.768
525.749
520.41
543.14
527.72
508.395
527.766
521.535
517.999
537.549
578.434
587.741
518.67
544.252
532.336
515.266
503.224
524.709
518.909
592.245
545.154
548.286
542.554
520.196
575.003
559.663
527.112
543.322
522.176
576.104
540.923
537.127
508.409
650.63
519.897
513.538
521.561
500.112
519.009
496.469
552.532
532.461
507.008
536.907
513.385
564.79
540.686
531.558
543.349
589.093
525.721
545.118
544.236
502.87
539.779
574.922
545.193
577.286
526.406
542.514
503.545
502.809
511.54
519.456
613.015
606.275
640.636
499.862
534.893
606.457
512.259
505.39
513.103
518.454
548.315
504.995
540.856
541.996
554.34
497.663
510.968
523.237
515.473
512.398
634.486
594.276
522.805
505.976
522.207
500.816
537.748
503.388
509.222
516.689
577.079
526.135
509.164
495.327
577.591
644.425
532.791
508.437
505.488
627.675
547.428
571.944
500.831
509.769
548.134
523.113
541.997
458.347
514.43
505.21
532.904
533.923
491.561
541.853
495.407
596.59
615.971
503.801
508.664
527.717
512.453
581.98
506.339
496.991
506.273
533.104
518.408
691.779
537.459
552.518
501.18
535.475
512.137
541.494
574.67
669.416
506.304
534.588
572.105
508.812
518.257
512.52
527.032
570.768
500.484
526.654
558.913
519.48
639.463
508.598
639.376
517.291
542.777
512.29
523.922
495.51
543.641
512.748
523.517
501.001
553.062
555.806
555.78
501.264
561.803
507.437
514.858
520.044
504.879
507.585
522.882
552.233
491.375
507.678
550.887
511.077
513.606
543.699
503.586
495.29
660.249
532.287
506.496
525.559
529.794
515.193
505.003
529.66
554.108
504.344
531.425
546.65
535.835
623.596
539.475
529.134
499.237
529.248
543.024
542.198
571.733
513.515
614.506
558.217
547.954
557.219
552.585
514.152
494.314
562.921
506.312
494.063
512.179
536.101
559.217
506.474
500.931
534.564
548.774
521.036
533.235
548.002
525.784
572.815
504.576
509.214
502.946
507.622
493.472
510.363
508.159
514.936
557.001
529.907
525.366
505.506
505.165
592.449
535.326
553.227
508.624
524.272
530.416
522.087
572.506
500.589
614.421
540.045
570.797
492.014
507.854
593.658
539.275
584.561
504.365
506.095
509.975
543.365
511.027
503.446
514.166
521.71
521.766
539.374
534.155
545.449
502.772
545.945
520.69
550.2
542.549
505.388
516.32
532.507
540.642
516.646
581.278
532.793
516.195
541.431
537.372
547.637
517.651
518.395
543.547
498.28
532.336
571.986
499.336
531.447
506.081
532.315
582.542
520.685
492.639
570.981
511.129
526.189
565.447
545.633
535.713
551.361
522.897
541.499
512.042
504.494
502.13
504.09
518.637
543.593
513.559
520.049
528.461
512.218
593.227
524.857
527.095
542.398
539.868
512.762
521.921
519.052
495.185
503.827
530.668
522.055
561.775
553.31
512.925
528.114
514.12
505.447
510.213
536.889
514.324
553.412
545.315
595.145
617.839
532.604
533.444
564.358
502.869
502.867
604.126
538.808
540.249
574.393
525.861
511.721
513.062
507.467
600.195
527.341
507.778
572.538
497.093
532.408
574.108
491.106
544.802
598.425
494.57
505.87
541.37
542.018
509.273
544.137
504.451
522.489
508.931
507.918
508.048
529.176
525.61
602.316
540.043
668.424
544.793
504.832
505.666
533.095
536.373
513.242
576.474
512.599
532.232
499.268
535.671
658.261
530.026
516.162
493.371
532.395
527.977
513.098
512.759
493.847
528.29
618.044
513.517
594.166
498.865
495.385
668.93
520.63
551.052
537.611
617.654
540.777
498.736
589.357
542.042
504.321
528.113
528.44
527.812
574.031
525.455
546.991
543.491
629.008
499.002
528.436
510.643
549.616
504.304
539.008
528.216
543.075
532.901
530.651
497.15
523.006
590.277
533.542
594.721
503.053
498.251
641.76
529.475
617.992
574.174
538.55
524.483
525.176
579.99
558.074
522.46
534.599
528.889
514.127
511.076
549.881
544.154
514.101
581.458
497.361
498.514
524.522
540.483
507.999
505.352
536.289
502.541
521.766
496.933
556.389
574.775
584.454
524.106
509.143
497.023
549.197
490.141
507.195
499.656
543.933
524.576
563.976
507.465
519.738
538.687
538.624
625.335
506.52
558.993
543.713
641.251
511.589
513.683
530.981
567.759
497.639
509.974
537.439
568.024
510.495
556.782
544.501
544.614
511.246
526.386
537.57
550.241
506.74
524.728
532.317
547.017
520.615
522.379
505.839
516.053
536.261
492.604
548.037
540.623
536.054
614.759
525.55
580.929
573.689
536.738
519.078
495.133
520.814
544.04
523.051
548.33
564.03
516.553
587.083
535.302
522.438
497.386
575.029
528.283
500.957
544.258
507.771
540.593
528.336
504.022
515.85
507.378
560.975
524.241
500.893
513.479
645.681
508.998
521.67
501.029
512.927
518.521
496.712
528.693
507.102
539.587
586.091
503.6
582.984
527.077
528.979
552.43
493.305
544.615
510.897
521.62
516.852
529.096
507.491
530.528
509.916
496.46
513.526
504.823
506.542
494.41
519.923
500.679
528.597
563.47
503.549
574.644
529.53
520.51
543.005
553.479
697.739
524.421
547.722
535.853
530.402
559.094
568.092
520.614
510.728
621.792
549.242
524.217
540.549
556.076
574.264
532.8
494.917
534.582
510.147
518.256
501.804
511.678
561.014
509.829
552.221
544.208
487.745
544.138
551.617
499.493
530.561
536.472
517.467
554.342
530.87
497.765
638.532
522.07
530.803
521.444
532.19
543.994
504.37
524.803
519.193
493.464
545.173
510.138
521.1
542.831
531.357
493.029
531.649
581.346
511.649
508.641
549.722
544.403
564.791
561.642
623.643
539.473
531.551
538.072
488.363
533.183
516.257
502.688
649.996
530.256
578.882
522.226
504.99
512.269
498.621
514.307
551.432
539.103
525.361
601.67
512.27
548.175
426.061
542.868
544.406
542.27
528.96
574.705
510.367
507.244
695.175
512.765
523.087
517.657
512.867
675.923
496.101
505.107
563.981
511.09
512.146
515.889
496.095
563.998
532.037
517.171
502.339
553.955
488.407
535.078
530.139
528.472
499.11
565.943
526.97
550.078
536.248
541.636
537.323
541.839
538.185
509.989
495.944
691.167
540.717
529.812
556.796
542.713
507.54
567.529
543.852
498.705
513.955
498.297
535.107
565.651
532.336
521.607
532.626
489.631
495.996
492.008
504.863
492.962
511.396
599.864
582.573
525.117
513.793
560.469
551.496
518.306
541.847
502.726
510.188
579.255
518.95
510.966
513.895
529.612
517.809
606.449
505.763
512.445
523.565
535.921
524.503
620.402
504.534
515.988
500.1
504.324
527.948
606.257
531.432
517.07
522.302
576.882
510.08
571.408
499.699
514.265
500.146
499.58
514.424
536.176
531.578
523.347
501.294
516.101
509.929
529.599
529.14
565.066
593.973
543.107
514.336
499.392
505.07
525.642
507.822
501.824
511.546
573.72
510.105
511.701
541.978
542.034
531.332
518.872
524.447
547.077
587.765
542.89
511.646
497.897
543.705
514.343
555.617
523.424
525.341
508.246
596.446
506.994
522.142
522.273
595.238
529.028
591.36
532.643
529.488
518.298
532.54
523.249
533.56
540.013
580.933
516.621
508.229
518.54
512.379
543.918
509.028
507.882
515.816
513.087
554.231
515.637
534.223
539.229
584.06
494.304
565.513
538.158
518.624
508.998
504.866
548.401
561.815
512.049
498.532
508.409
526.36
531.845
532.897
489.565
557.818
512.725
509.352
532.962
580.943
525.076
518.194
551.944
501.177
511.654
528.303
501.021
519.731
567.06
533.205
505.942
493.594
544.526
558.474
541.075
626.562
547.754
508.038
544.285
557.613
623.645
587.295
548.728
545.392
538.613
528.032
526.37
525.611
586.532
541.799
526.714
497.318
547.447
550.386
539.552
495.198
652.83
522.865
573.061
558.111
521.02
539.739
546.59
532.998
537.54
545.19
505.332
576.07
580.453
530.933
586.477
509.472
530.204
556.17
539.453
544.295
571.684
503.982
591.746
492.968
525.649
494.371
567.268
521.998
523.382
502.695
531.131
512.909
505.301
533.079
547.336
566.458
613.916
507.718
519.897
495.89
502.936
527.583
512.506
502.962
504.089
504.356
512.342
538.222
555.558
546.381
534.68
516.644
578.172
514.388
510.356
562.186
550.133
497.303
524.654
513.743
502.505
505.232
519.37
498.625
490.277
498.687
507.192
527.941
495.293
508.135
530.287
509.091
511.39
508.782
534.384
509.844
537.212
500.603
534.698
522.433
535.246
533.358
493.043
627.787
527.317
537.454
510.809
491.01
531.529
545.15
530.85
527.134
529.094
639.023
509.91
578.001
527.114
500.213
570.401
548.587
566.23
526.031
530.49
530.74
598.297
523.663
532.011
554.563
534.816
521.752
546.309
509.539
562.468
662.47
535.749
516.015
522.323
557.656
528.875
562.223
582.848
502.175
560.766
523.618
540.067
532.961
532.062
537.417
503.294
547.373
539.804
531.771
518.232
552.78
514.097
497.581
497.003
557.897
509.207
549.634
518.978
500
534.66
542.492
523.243
540.213
563.118
510.961
501.058
536.002
535.54
543.4
528.538
530.921
592.553
495.223
558.88
528.431
540.449
505.966
610.621
590.89
553.786
534.364
556.329
521.475
558.153
504.115
519.471
510.178
525.724
503.499
520.149
600.01
509.969
553.906
540.739
530.182
519.168
573.441
629.662
620.779
535.781
527.62
548.398
516.44
502.881
511.042
525.613
559.513
530.924
529.981
567.106
498.504
593.345
522.978
531.099
507.325
542.586
496.887
526.877
513.73
523.564
524.012
508.747
515.323
518.483
538.716
502.494
567.825
498.375
504.059
523.049
584.892
520.774
510.912
533.638
505.914
514.72
524.089
536.132
531.014
534.841
581.017
571.259
514.213
509.448
503.897
559.846
514.303
529.378
509.709
506.286
533.459
520.297
545.301
512.911
553.506
501.845
545.556
493.165
531.463
527.364
566.056
514.574
558.719
550.121
571.994
525.655
522.989
561.662
551.32
540.341
521.88
531.566
543.566
497.419
552.106
581.611
505.436
517.095
497.442
497.76
512.907
545.629
576.527
553.287
546.288
561.674
541.005
510.633
510.326
506.941
573.536
512.019
537.442
568.931
511.022
539.303
528.634
521.886
526.057
542.668
538.52
542.182
504.919
507.944
538.926
513.879
529.964
521.766
516.22
503.464
517.886
527.641
525.693
517.543
510.008
500.459
646.769
520.39
572.68
515.305
507.052
523.208
544.698
544.809
535.501
550.848
638.356
511.595
512.408
556.706
500.74
509.583
501.639
614.721
546.482
558.525
567.358
533.941
610.113
534.331
564.641
614.729
503.332
540.092
655.161
549.215
509.035
550.152
507.057
543.225
550.151
524.75
527.781
511.333
519.669
518.95
502.993
545.394
553.763
507.546
501.28
521.874
511.929
535.505
511.031
504.737
529.033
494.011
542.293
550.093
566.328
504.5
543.874
532.884
521.112
508.957
566.413
517.509
528.683
525.535
538.646
565.025
550.289
498.882
554.361
540.112
513.464
531.086
554.396
536.335
507.434
575.951
524.431
506.013
520.074
514.287
504.531
616.387
511.299
540.354
511.1
525.707
519.169
642.319
612.892
549.571
538.057
521.162
542.62
550.388
518.235
526.415
535.529
500.285
503.654
523.804
505.4
521.91
507.484
548.981
509.16
505.984
548.875
535.385
514.631
559.358
522.704
545.608
545.424
537.566
520.269
535.244
583.821
512.343
539.337
506.635
526.673
590.925
500.41
572.452
638.681
546.823
570.962
565.394
535.298
498.069
503.104
503.758
576.474
531.116
612.27
505.86
549.91
521.197
503.897
516.42
542.413
517.147
543.81
532.092
518.286
544.868
514.565
519.692
536.712
507.221
534.057
494.768
553
526.899
527.498
567.608
494.174
503.828
517.146
516.822
551.875
506.819
541.919
514.478
540.33
520.674
495.728
528.503
542.868
596.912
629.216
501.078
493.782
521.747
576.251
528.862
594.536
508.083
522.319
504.351
505.194
502.045
494.799
545.832
554.077
492.188
611.349
548.76
531.256
588.722
556.765
534.072
517.33
515.605
596.289
532.642
516.636
537.685
550.587
512.282
537.206
541.908
531.229
505.317
526.266
503.614
534.403
557.668
512.08
514.481
508.974
507.801
528.689
509.7
509.032
498.869
529.395
526.865
525.074
594.19
537.844
492.62
530.502
518.981
504.438
510.708
571.088
508.788
516.032
543.054
501.21
530.277
535.508
538.135
534.279
514.185
504.041
602.634
535.42
526.641
534.221
516.426
625.551
578.276
509.066
500.181
516.922
533.805
499.329
521.109
551.965
523.107
510.695
506.221
508.433
519.035
541.468
499.122
519.076
503.567
518.897
568.059
494.496
490.323
602.681
537.778
508.593
564.784
580.212
525.363
545.117
533.159
533.656
545.685
548.718
532.869
525.116
512.812
499.198
564.858
515.524
520.257
509.452
562.294
556.746
496.566
537.862
558.752
560.115
552.795
521.942
505.165
525.207
503.709
551.02
521.225
528.299
496.696
494.265
503.198
526.666
519.412
532.693
559.597
607.027
524.906
590.405
589.544
525.941
555.398
524.867
522.815
542.064
499.625
539.153
576.008
553.055
530.248
500.659
491.053
519.691
576.988
491.777
520.205
523.036
545.561
568.591
494.963
509.081
517.687
503.097
495.813
545.495
511.15
533.509
522.467
497.902
539.794
562.975
546.935
556.598
634.218
513.012
490.53
496.871
552.643
494.829
566.892
499.564
510.595
542.476
532.708
509.01
521.276
514.569
538.961
506.388
534.412
511.232
511.495
504.508
509.327
498.716
499.776
552.694
535.94
492.703
620.122
548.21
503.732
519.808
539.035
525.076
520.309
536.196
553.2
559.256
529.526
507.504
508.586
525.286
565.695
518.584
554.382
496.937
516.327
535.085
542.308
606.096
510.424
520.929
550.425
538.385
502.485
513.119
584.244
561.42
504.087
506.128
516.005
519.361
575.582
529.182
540.787
521.274
504.394
530.028
529.76
507.4
561.526
585.475
539.95
511.772
507.95
540.087
520.347
644.629
495.29
517.985
537.037
534.102
563.752
492.296
535.545
531.26
553.413
598.515
511.279
511.979
514.371
521.153
634.42
518.542
555.559
545.86
495.597
525.256
519.169
555.047
511.681
528.474
546.654
526.872
598.543
543.889
511.182
509.345
507.208
547.486
582.064
511.271
541.877
536.093
513.928
535.302
500.11
506.099
581.151
508.299
573.502
555.411
517.728
540.53
499.372
542.683
522.524
492.799
499.658
532.592
518.032
531.844
503.801
499.045
543.214
519.656
497.083
590.13
512.073
523.791
520.658
585.986
536.026
564.584
539.269
576.002
508.599
587.178
498.6
507.198
552.152
515.954
493.04
509.244
517.38
578.908
507.16
505.108
526.258
494.242
534.564
556.763
571.026
509.288
522.684
562.543
543.594
520.969
509.936
550.393
646.533
520.522
591.875
554.837
513.827
624.84
517.284
505.456
500.888
562.082
507.353
524.982
521.457
504.075
516.938
540.798
520.469
543.485
546.909
522.193
557.641
502.804
646.377
499.443
515.345
504.47
559.543
494.939
532.124
512.456
512.969
512.245
544.151
646.781
495.354
507.141
504.055
516.089
531.717
535.404
562.785
550.09
526.273
521.242
521.795
490.503
535.854
499.267
542.456
553.764
498.195
491.129
567.023
534.487
547.849
537.885
520.82
509.405
513.978
497.747
493.846
513.411
556.195
525.893
542.401
546.755
528.801
539.582
514.721
493.7
520.105
531.043
536.912
498.975
540.115
502.319
540.962
507.227
530.397
513.108
560.684
519.159
553.406
554.013
520.526
550.279
546.784
538.788
546.718
504.75
505.105
534.566
507.241
511.736
588.796
554.806
529.878
616.338
580.485
537.857
548.034
623.821
527.885
538.661
606.455
510.306
510.948
525.003
501.493
511.556
584.893
510.281
512.307
509.518
497.544
546.84
502.046
508.107
507.582
543.096
539.946
554.871
520.561
520.989
522.654
532.947
532.242
528.749
538.499
500.001
526.31
529.522
523.323
525.22
551.759
534.649
512.589
521.075
536.795
514.938
545.834
501.476
525.934
519.128
524.078
538.973
502.954
597.642
507.485
515.028
509.055
495.595
544.878
502.626
504.625
509.442
503.27
573.629
523.428
566.22
527.558
503.618
551.24
521.134
502.927
499.383
645.153
533.657
524.382
490.979
558.112
515.709
499.307
496.535
555.564
541.609
501.104
540.241
525.467
540.772
525.316
537.264
537.223
529.909
547.069
562.21
563.938
579.205
544.668
580.473
505.135
501.068
534.503
539.33
538.161
550.611
693.915
541.346
509.737
505.177
513.439
578.425
529.207
508.734
500.918
508.543
564.234
540.548
540.794
494.05
534.356
554.503
527.608
564.085
497.941
515.27
498.341
522.856
501.153
508.906
540.875
496.038
523.068
498.278
497.455
520.066
549.357
530.038
507.618
501.295
552.71
521.79
546.103
508.609
555.837
535.923
546.806
535.379
505.144
514.785
505.173
533.647
523.911
514.2
509.113
526.815
547.188
553.893
683.365
554.574
523.622
498.286
507.07
508.051
508.989
521.954
540.04
509.4
528.739
610.428
515.238
526.101
535.428
510.149
509.017
506.282
571.776
519.623
606.426
501.268
520.287
491.957
499.716
495.991
569.203
528.519
569.064
532.297
570.455
499.206
505.105
517.436
524.491
516.442
524.29
528.281
591.497
561.659
534.258
596.5
538.92
500.117
522.227
507.662
505.55
514.535
508.659
580.079
506.247
538.587
491.171
507.692
504.15
544.925
509.668
503.037
504.785
526.119
526.077
492.21
523.565
526.819
545.187
539.94
507.515
555.911
540.227
533.496
538.205
560.437
497.226
495.775
536.842
547.222
563.86
520.721
524.04
520.356
508.215
532.551
522.137
565.153
520.122
493.926
527.208
529.257
560.846
506.701
537.158
498.972
502.417
608.731
576.081
538.779
541.328
507.254
545.654
516.508
495.558
569.346
498.352
492.164
507.513
526.92
491.848
517.723
529.745
501.5
509.365
540.866
564.007
535.76
510.996
527.691
527.149
496.728
504.546
509.801
495.445
579.12
500.452
499.213
509.294
513.688
528.21
508.654
578.49
541.845
570.775
544.614
647.753
543.944
531.207
550.27
563.977
502.971
528.603
518.25
499.054
547.008
525.875
496.832
522.777
520.216
516.955
519.347
506.155
528.342
535.013
525.37
515.411
590.855
578.695
622.204
630.809
500.446
563.793
584.103
501.996
571.365
526.621
628.576
548.233
577.833
512.748
527.374
512.218
528.642
519.19
504.393
573.75
515.443
508.806
525.858
498.022
630.31
548.895
492.819
512.386
589.378
503.15
585.085
500.833
566.873
520.975
515.547
507.336
505.492
515.36
570.525
535.421
545.549
530.031
539.863
511.234
494.34
526.275
637.643
601.16
527.201
548.081
499.662
497.159
520.065
618.512
535.665
508.324
545.239
530.177
579.413
567.378
544.77
534.665
543.328
566.023
518.671
515.212
569.848
505.01
489.906
529.974
519.211
520.393
574.082
525.913
496.044
585.02
611.922
493.934
506.8
493.433
525.066
510.442
538.406
569.325
532.681
505.663
570.177
505.359
529.533
530.382
501.184
551.666
520.801
503.558
502.353
529.96
512.992
562.57
539.464
524.916
509.759
558.282
521.772
540.988
520.038
522.874
495.451
505.939
545.174
505.5
631.544
512.519
502.455
521.582
574.31
529.977
551.783
669.116
521.84
542.687
492.489
502.817
531.29
575.668
514.335
544.375
588.214
517.031
522.577
558.492
540.6
521.866
520.517
520.483
514.628
521.405
572.739
537.405
497.161
514.564
502.785
562.925
519.61
583.329
507.603
518.423
595.747
524.082
529.485
550.887
497.472
512.408
503.755
513.37
544.764
502.548
536.812
521.172
524.511
532.366
546.239
574.738
492.416
532.013
504.592
591.746
552.477
512.738
541.75
546.169
494.782
537.522
506.085
587.599
523.874
518.849
551.222
528.122
510.492
546.875
500.116
542.927
505.239
523.315
539.173
513.657
527.269
524.526
521.125
500.036
535.285
532.332
531.088
498.944
541.626
503.111
528.308
552.686
539.702
512.933
531.436
532.357
537.146
538.003
499.511
550.964
498.747
510.642
548.247
539.23
525.512
512.415
533.918
535.719
515.997
504.46
638.098
520.526
617.479
571.828
570.184
604.764
493.325
542.273
540.132
516.79
542.474
504.877
510.077
551.359
507.294
512.488
527.6
539.819
573.375
602.227
518.674
521.804
520.985
585.769
497.143
517.696
523.997
517.549
503.039
509.771
518.799
651.485
558.329
555.976
520.478
544.096
556.406
505.354
595.945
528.717
517.565
538.937
555.639
491.579
552.296
537.021
495.894
501.464
548.397
495.268
616.358
534.885
517.318
596.753
513.43
566.64
578.246
539.775
519.326
545.323
505.79
501.656
532.299
530.679
499.743
501.979
529.488
562.796
519.595
533.646
576.268
531.463
512.585
523.644
496.221
506.499
530.854
522.18
530.113
584.181
536.301
540.133
527.255
546.726
518.967
496.109
517.091
533.984
559.593
503.12
512.008
513.16
514.652
506.692
599.569
533.183
521.984
514.082
538.909
555.726
517.996
538.218
515.954
519.381
515.25
523.068
580.884
549.726
494.774
642.201
494.39
548.522
607.755
585.233
503.622
540.076
533.132
492.502
493.728
548.073
527.491
535.282
533.968
529.296
520.239
553.28
520.938
500.601
512.639
508.643
533.052
520.786
532.316
538.905
511.883
507.84
515.378
580.578
553.835
507.425
573.886
497.499
540.869
526.715
544.951
631.117
496.164
570.53
517.707
499.626
520.714
528.781
543.076
519.297
604.76
545.241
512.947
523.779
517.831
554.681
543.946
531.673
497.463
529.254
584.038
506.559
523.006
507.766
505.177
498.528
502.404
518.101
519.532
463.207
535.346
534.625
537.512
535.979
508.988
645.519
488.536
521.246
535.532
498.304
497.611
499.874
510.45
543.596
512.797
505.411
531.102
514.486
523.965
509.737
505.473
679.538
504.451
511.813
535.724
513.281
502.41
509.673
562.757
566.621
535.124
521.882
504.544
519.141
506.046
529.107
578.51
549.063
550.766
531.72
541.16
511.05
503.339
618.636
531.323
522.975
532.212
519.396
534.729
505.736
540.378
553.519
548.288
509.51
554.979
505.03
503.941
547.055
560.798
531.61
678.772
498.029
492.1
518.776
579.617
571.306
518.717
533.566
509.052
527.525
499.326
622.997
530.185
536.8
493.443
616.016
693.519
529.535
550.293
506.08
534.192
524.183
513.973
505.963
532.066
498.765
521.721
508.305
536.233
542.4
502.957
536.23
537.401
648.891
573.42
586.248
504.611
503.663
496.198
504.494
509.856
505.422
511.273
623.7
537.406
535.171
545.457
534.471
525.109
525.309
576.861
505.496
529.275
576.537
548.432
543.303
510.837
541.291
513.348
496.52
570.919
521.986
597.488
560.023
496.248
507.509
517.305
520.584
526.623
507.315
624.714
673.763
491.627
506.591
524.632
673.668
548.956
511.25
516.886
504.665
511.967
506.861
532.16
502.626
502.573
508.721
530.694
530.98
499.064
542.987
543.843
524.358
519.022
579.72
491.861
496.057
505.902
530.64
563.341
497.832
532.815
495.565
548.416
502.75
508.06
491.528
505.276
554.316
513.743
524.564
562.803
554.305
547.613
515.496
516.793
536.512
505.638
633.194
533.98
515.965
595.83
532.995
502.167
564.075
537.103
545.577
637.611
535.966
531.495
529.926
560.659
497.777
505.54
533.564
507.93
539.577
490.146
534.272
636.215
540.122
513.868
500.868
493.625
494.948
494.236
537.063
557.157
507.521
513.597
552.095
539.278
501.081
500.705
519.767
517.988
503.919
544.167
499.053
507.566
505.008
502.422
499.766
508.385
511.574
493.704
491.453
517.654
549.104
516.299
576.023
499.627
510.544
509.221
509.672
511.108
554.92
507.964
553.117
639.446
499.935
527.123
502.37
547.324
510.472
497.614
547.693
512.633
538.784
500.828
516.786
506.307
496.53
517.692
529.602
508.249
613.886
572.267
519.537
526.085
558.913
534.453
530.204
559.308
511.496
525.07
518.9
566.639
497.99
525.681
528.893
535.202
508.221
543.894
528.848
568.25
499.211
565.957
528.406
516.28
491.568
549.842
518.879
529.467
510.5
538.798
541.424
521.754
503.353
571.362
538.948
542.609
554.932
523.247
556.292
564.747
566.186
557.244
505.375
527.785
526.027
577.161
518.467
493.531
541.193
510.713
542.868
515.249
578.886
509.028
548.643
538.71
512.759
494.739
499.509
504.358
495.517
519.623
550.622
520.864
490.065
501.124
505.564
510.534
550.985
494.661
497.226
578.403
515.848
509.904
529.907
549.657
516.833
506.384
559.409
550.074
502.817
493.584
554.395
503.443
500.462
518.645
500.887
559.167
553.881
549.206
529.756
518.121
516.859
537.37
538.961
616.224
554.974
537.533
499.443
513.842
504.87
594.609
502.094
501.319
496.901
491.747
555.647
559.761
512.179
500.574
524.627
542.481
594.671
533.671
521.875
528.309
503.439
522.158
503.479
529.496
551.077
505.959
551.449
550.35
526.126
489.249
500.028
535.022
564.489
519.442
562.319
543.539
520.647
532.999
542.805
577.735
512.823
511.68
514.472
531.934
502.379
536.579
502.637
566.853
537.54
516.101
540.99
540.064
505.466
568.718
574.071
536.013
535.557
528.074
536.348
510.035
514.471
525.897
544.395
498.281
510.791
520.629
507.729
525.788
578.149
513.354
550.002
504.417
506.149
510.001
527.203
527.512
688.222
533.563
518.425
519.232
533.795
494.744
605.904
601.588
504.362
552.547
530.251
531.176
545.292
529.003
684.351
557.983
508.59
526.032
543.458
563.21
520.839
537.655
550.148
521.274
535.474
516.642
532.342
522.111
498.276
562.384
554.674
580.046
525.988
501.742
515.538
543.882
549.186
638.711
538.924
621.758
514.08
566.855
501.919
527.715
502.603
552.429
512.96
534.874
506.094
501.401
525.38
542.481
493.759
507.141
514.297
551.508
508.928
520.543
540.363
517.488
567.798
537.589
515.392
572.833
517.06
552.057
496.394
524.162
497.273
606.015
533.24
585.441
518.979
537.865
501.412
546.791
521.245
629.591
528.08
519.206
517.974
518.336
541.748
516.857
500.676
575.954
501.446
516.322
537.42
503.9
512.586
535.256
499.179
613.091
610.101
529.626
521.549
518.966
517.89
530.289
539.807
520.335
504.511
535.849
497.462
560.773
525.995
530.666
507.354
516.185
516.803
512.134
548.641
534.868
559.676
547.771
498.105
493.449
563.019
563.607
551.129
545.472
537.174
503.812
524.269
517.679
568.964
517.814
497.121
500.654
533.352
546.716
510.738
549.903
519.04
547.942
526.651
550.075
500.732
585.179
517.781
557.946
632.777
508.61
511.754
540.047
543.847
511.5
492.1
509.731
513.428
512.207
511.993
555.382
589.646
557.338
518.591
514.941
508.483
508.897
500.141
502.797
502.198
517.662
533.844
504.143
547.029
537.941
491.608
507.832
537.206
586.338
515.859
524.889
540.084
527.365
515.583
511.61
539.761
563.459
495.673
550.408
540.014
533.027
535.339
503.065
526.435
548.256
535.684
515.23
550.394
536.123
560.039
500.527
529.516
576.02
504.877
560.488
517.246
556.361
515.574
544.508
608.997
507.916
534.587
514.128
504.687
495.664
555.002
498.306
519.73
544.018
502.998
538.372
532.45
537.262
553.529
506.364
523.014
545.877
540.603
549.443
513.274
533.004
495.01
500.338
519.153
534.213
516.191
499.952
586.539
520.456
565.482
514.342
531.054
530.974
493.574
519.996
593.579
503.413
517.546
521.779
516.667
550.42
507.086
568.388
570.457
585.557
510.388
516.518
584.221
509.247
513.669
566.149
542.076
547.038
637.918
517.093
502.763
533.384
533.705
502.473
559.857
500.532
545.305
538.102
639.4
503.668
539.163
530.033
514.805
533.334
501.565
503.852
509.889
540.471
532.651
578.347
566.733
516.108
555.862
506.12
662.62
492.88
511.124
544.426
539.099
524.106
519.487
530.245
529.61
495.069
547.146
534.661
523.049
536.669
615.639
516.724
535.791
546.501
535.192
512.786
518.616
512.986
523.864
533.511
510.752
494.616
590.955
568.133
508.995
521.476
529.334
524.782
512.985
504.99
517.779
556.42
510.168
504.303
554.723
540.547
524.885
527.722
549.023
535.936
520.794
511.282
581.504
528.704
514.726
576.792
504.01
531.899
516.903
530.755
503.874
514.651
544.286
554.868
529.652
522.774
529.667
526.471
527.253
521.949
554.581
554.897
515.28
585.963
530.177
523.189
533.945
546.69
498.758
506.193
595.68
496.904
515.518
540.94
543.667
511.734
494.651
581.426
527.028
543.08
638.928
552.262
514.146
499.753
533.457
533.257
505.621
512.294
520.074
501.323
508.119
524.772
507.643
539.038
502.596
519.619
494.172
508.441
502.463
500.87
539.92
527.358
552.961
515.826
545.088
510.666
512.506
553.777
505.779
553.518
497.31
526.919
530.588
509.328
535.704
523.047
520.292
501.362
528.129
560.19
527.649
499.749
516.247
523.724
519.696
509.409
506.622
522.754
547.563
538.498
494.464
543.503
508.146
511.483
542.245
581.581
537.055
539.102
495.727
501.796
530.966
502.361
510.81
539.641
522.753
529.233
541.767
535.691
522.889
523.508
532.55
497.49
502.792
499.99
547.015
530.032
570.882
492.011
525.466
515.452
504.572
494.827
544.787
573.518
537.919
546.969
516.669
516.635
561.086
517.1
562.619
528.203
528.804
532.308
511.625
503.693
537.373
523.268
542.661
514.874
644.957
506.127
595.742
679.139
522.331
520.951
543.25
526.295
489.772
539.844
531.564
495.324
542.149
525.101
571.891
509.646
511.347
527.738
525.599
550.827
505.429
499.045
539.113
515.275
509.164
532.805
535.184
603.53
526.363
537.365
493.969
561.049
567.533
507.371
532.369
523.087
502.888
513.597
521.416
504.788
572.1
509.88
495.879
529.449
534.127
508.124
492.575
519.616
546.83
549.418
504.671
553.556
549.251
513.103
497.738
546.094
506.574
517.978
526.832
508.477
569.252
558.905
528.285
538.731
526.974
531.664
517.994
534.123
552.815
495.594
509.143
557.299
543.223
511.019
643.168
540.884
566.344
500.204
504.667
497.212
559.038
522.89
547.743
569.19
508.895
507.567
551.136
513.699
505.372
518.999
509.729
531.08
531.264
519.534
505.045
561.325
507.131
517.728
516.337
515.117
528.069
535.533
509.255
514.727
542.418
529.953
697.353
535.424
504.507
526.458
507.841
529.233
533.977
517.399
550.578
561.045
510.13
595.824
512.708
528.91
581.194
506.202
596.521
529.444
508.544
527.315
536.458
516.62
530.25
506.29
518.319
506.541
527.673
577.701
574.449
536.842
495.657
497.655
501.463
535.244
520.241
495.542
515.939
553.512
523.238
506.137
597.292
520.357
587.213
542.467
526.232
585.055
540.373
534.267
549.387
496.245
560.835
512.072
566.91
534.965
524.579
537.66
571.005
510.504
546.019
548.66
538.9
515.839
495.296
538.311
547.303
525.392
521.358
536.128
511.625
561.547
544.599
537.321
493.122
514.324
515.095
567.771
511.754
613.844
512.123
514.584
542.245
512.428
498.753
492.736
492.911
536.457
512.053
548.55
547.236
501.545
498.543
493.03
555.744
538.089
539.062
542.015
533.589
509.583
566.311
505.567
516.61
501.13
502.053
496.959
571.291
557.839
539.243
523.639
521.611
506.268
497.647
550.019
528.399
547.497
492.83
537.784
502.777
555.245
524.016
536.884
498.861
493.364
591.592
493.902
511.883
529.153
515.699
517.007
498.59
516.393
604.424
584.917
556.663
524.493
528.638
497.063
492.214
509.485
515.526
531.417
505.446
558.958
497.076
569.346
638.797
557.911
511.147
572.33
541.801
557.755
539.073
622.315
556.633
532.473
529.231
552.294
571.587
504.593
571.725
507.003
527.988
511.572
521.724
518.602
536.239
518.093
511.284
562.215
501.312
568.893
523.827
521.81
513.018
615.921
528.715
545.001
514.381
539.337
601.355
528.646
516.867
524.415
506.839
549.94
569.962
608.547
539.371
499.466
526.734
527.31
521.64
529.449
524.874
514.373
524.301
518.262
532.17
512.093
546.18
522.694
545.907
493.62
511.476
503.457
511.805
502.25
507.67
504.381
507.16
506.791
507.923
507.857
537.045
566.968
498.634
507.331
577.609
523.267
530.689
500.652
519.047
580.629
504.652
543.173
508.741
532.119
497.555
570.165
534.899
516.031
667.908
510.451
568.647
506.582
513.63
531.588
513.776
529.748
508.132
493.896
600.414
508.69
510.183
492.312
510.935
548.453
518.487
531.929
543.275
494.156
654.125
502.827
550.932
527.189
678.666
501.4
499.422
558.541
562.768
581.065
540.186
511.77
642.019
567.955
494.032
518.46
551.881
529.803
529.288
547.889
501.316
536.953
522.379
511.771
507.026
516.454
500.495
525.239
506.582
536.405
541.55
515.988
587.408
516.893
498.982
511.245
523.683
663.145
510.254
536.316
577.265
504.489
514.695
599.674
489.497
533.041
489.79
525.83
534.55
498.16
539.887
558.66
541.381
522.467
503.407
572.528
496.134
536.602
525.315
541.871
509.361
544.105
556.858
530.978
500.664
559.015
542.303
536.651
491.878
510.1
585.086
500.688
554.884
545.348
538.192
552.341
501.584
518.011
505.102
552.209
517.033
556.513
500.511
547.93
511.048
504.037
507.6
552.813
496.316
501.329
499.475
501.275
515.335
544.113
537.292
521.703
575.075
515.211
481.272
514.239
504.163
514.879
553.544
540.446
540.849
550.978
556.33
532.749
500.151
509.88
521.828
507.847
492.523
493.524
550.604
546.265
513.691
556.829
517.624
510.027
517.095
511.773
551.077
535.828
553.013
506.93
508.93
578.542
525.051
501.108
539.627
492.436
608.417
511.409
490.184
503.857
554.339
506.732
512.493
529.496
571.433
490.975
548.462
511.065
582.385
618.57
496.783
508.216
500.689
537.622
519.135
535.914
524.397
532.418
506.804
526.854
517.458
573.315
521.721
509.552
547.915
550.903
539.687
529.564
621.276
514.847
580.175
529.015
495.456
498.805
490.565
559.691
560.265
508.417
526.892
509.564
509.935
529.626
612.586
520.403
525.813
546.678
510.846
534.823
550.213
565.85
523.507
504.489
521.214
510.159
507.167
526.061
496.632
523.082
560.9
539.739
496.063
516.934
528.84
545.454
515.106
533.184
491.258
659.179
495.876
497.61
504.984
524.967
537.667
510.071
605.015
533.22
514.6
515.376
522.757
544.436
531.063
534.845
518.406
522.396
525.859
539.079
539.724
541.328
508.479
504.597
504.703
496.407
505.28
576.05
526.027
518.495
578.853
510.04
565.133
529.972
565.639
535.373
557.392
559.374
531.1
521.712
533.07
522.714
531.354
606.401
523.614
520.592
505.948
523.847
499.278
538.459
542.577
548.774
539.744
510.937
516.81
561.68
539.877
545.899
505.099
532.469
539.48
495.477
503.973
518.356
533.181
559.304
509.467
519.57
512.682
584.374
512.269
591.943
563.59
521.228
572.246
495.596
668.25
525.251
531.166
553.528
489.886
501.284
523.468
525.377
501.762
525.022
539.242
509.716
501.07
513.909
545.911
517.299
553.707
594.791
500.277
517.757
537.628
511.327
513.282
510.799
509.792
505.561
515.496
526.677
528.549
560.499
526.673
522.356
539.051
501.574
572.64
491.874
531.052
513.079
538.602
521.658
564.086
570.6
492.777
491.675
510.04
536.709
609.218
510.127
496.37
493.302
558.115
500.417
491.848
550.489
502.09
516.684
536.134
518.046
499.048
522.369
530.979
534.648
495.604
511.792
512.107
511.75
506.681
495.303
672.682
512.793
528.285
538.726
517.87
506.184
525.793
555.496
521.515
535.427
499.981
552.641
553.226
523.38
516.945
499.824
506.139
593.573
520.419
533.122
547.912
497.367
533.994
569.212
547.426
494.27
501.782
520.353
503.476
495.416
549.891
494.24
542.681
544.136
566.243
690.613
518.877
517.663
541.548
528.36
563.981
511.047
513.281
546.688
512.017
497.01
515.061
639.56
528.038
567.918
550.798
534.052
491.598
546.8
581.13
567.844
509.79
546.313
535.072
509.511
514.409
518.468
491.62
552.296
545.046
524.304
513.337
556.194
506.729
500.077
572.482
542.203
550.677
593.106
535.24
503.987
534.389
535.538
547.557
571.949
513.975
489.208
498.716
521.485
557.823
563.5
513.515
579.018
537.295
521.856
531.748
555.299
510.454
570.922
494.283
515.798
525.524
523.801
540.03
510.057
495.395
565.839
511.77
505.421
569.508
511.554
536.733
514.281
507.338
528.056
549.721
573.464
512.122
507.545
495.74
526.116
576.707
531.76
505.739
543.1
532.199
516.147
532.662
557.473
498.661
511.925
548.61
520.297
504.203
497.255
501.527
546.244
521.345
517.787
532.799
526.136
558.658
544.275
501.675
510.572
522.487
606.649
505.153
504.147
498.625
543.295
512.498
550.395
500.753
547.95
507.725
566.225
509.13
523.629
540.098
530.537
499.607
499.863
513.291
542.925
500.06
504.729
515.85
534.263
505.17
512.405
507.294
491.292
507.724
537.187
581.748
519.464
538.79
562.265
547.046
531.072
512.738
522.917
509.675
530.022
550.584
576.783
533.827
526.215
539.449
558.751
552.034
523.113
563.751
560.697
503.226
514.227
542.598
506.132
513.743
564.089
500.165
648.592
539.561
517.627
539.347
502.771
530.716
559.313
504.627
556.768
566.162
509.435
518.345
537.392
504.213
512.01
516.7
589.9
511.405
507.86
535.82
559.823
519.751
551.367
510.495
511.459
536.16
514.52
496.619
497.953
525.674
526.323
518.599
525.38
508.692
499.764
532.197
507.317
502.757
638.577
503.353
571.752
524.791
562.212
527.401
511.928
537.524
545.492
540.92
489.133
540.579
535.686
550.84
506.445
559.608
548.836
536.495
497.092
550.059
582.933
515.625
522.392
548.749
516.772
502.905
514.357
554.201
514.046
540.515
642.036
540.081
502.725
542.305
551.764
494.03
509.817
521.04
520.631
643.138
631.223
510.915
505.752
495.341
500.651
520.265
504.124
510.671
509.368
506.457
672.389
519.703
547.151
564.617
511.526
573.811
519.015
511.535
550.477
537.226
545.534
557.627
507.516
539.806
548.436
543.824
516.795
574.584
540.81
588.091
520.966
533.268
528.698
664.145
506.055
534.916
530.225
543.789
538.058
502.935
534.362
515.909
533.381
592.231
580.007
527.909
510.356
565.482
531.376
519.372
551.02
496.315
500.283
557.23
534.073
499.202
507.727
558.772
527.492
516.893
504.211
513.56
511.308
509.936
506.636
550.637
554.407
548.486
509.22
533.164
520.777
503.963
543.006
536.402
534.364
551.975
533.817
531.611
495.283
507.548
574.488
520.178
500.851
522.739
515.357
580.682
506.301
494.986
507.172
530.385
502.805
502.714
539.116
520.034
508.04
502.558
540.387
539.798
561.534
524.543
508.936
580.18
516.32
506.469
512.312
542.116
507.756
526.908
494.519
494.95
551.24
543.835
535.227
504.894
522.917
513.93
504.58
510.557
523.708
513.809
538.281
528.634
530.304
513.733
513.935
516.301
524.771
543.305
522.867
524.241
494.27
503.647
535.301
548.456
522.962
544.717
546.854
500.983
522.917
550.161
