499.711
533.636
495.01
522.362
552.499
506.823
566.463
497.544
506.773
540.099
585.467
527.385
536.036
541.112
503.837
524.383
507.001
535.846
524.793
518.948
544.538
497.559
498.07
531.545
549.123
551.024
543.403
520.008
531.121
521.155
500.222
511.9
502.284
505.973
540.694
531.17
677.715
534.218
494.45
575.904
519.834
565.743
554.822
590.64
521.233
503.734
504.364
494.322
500.433
560.305
572.734
509.07
582.582
503.248
504.643
524.91
581.476
527.828
499.147
565.32
502.518
513.377
510.507
524.608
544.948
505.308
531.286
511.753
591.069
538.783
525.085
501.721
525.926
542.282
553.434
581.325
568.781
608.183
542.937
543.853
502.94
526.081
509.666
532.178
501.801
504.777
561.888
492.495
500.058
558.882
548.3
537.188
542.633
506.684
511.966
500.354
540.849
535.485
552.083
638.223
518.394
518.675
505.184
515.597
522.708
553.915
497.196
555.121
526.478
543.774
513.092
544.955
500.187
504.464
524.366
531.787
510.985
570.537
553.506
512.055
491.56
563.755
531.366
502.148
541.988
506.009
502.679
524.318
529.958
547.736
545.839
569.092
606.494
506.189
593.853
652.983
513.2
506.566
534.631
504.727
545.623
538.037
501.564
588.956
534.395
494.947
576.225
498.982
522.2
531.768
504.367
633.152
558.822
517.146
509.159
592.822
518.703
523.537
509.271
621.263
513.484
566.572
522.973
502.602
541.736
501.011
506.296
505.191
493.066
512.484
541.941
518.258
577.966
553.422
517.687
513.534
509.771
514.611
598.835
514.227
540.267
525.089
599.978
531.123
528.969
539.038
513.811
540.3
505.772
555.388
561.829
518.557
511.438
563.638
521.219
567.213
495.559
630.977
535.255
526.122
514.337
514.607
556.057
534.67
516.492
501.877
540.328
538.109
495.572
515.242
527.172
506.007
522.58
538.933
530.909
595.917
576.828
574.633
525.432
519.67
501.078
529.921
517.881
525.882
517.619
523.247
505.564
528.45
498.673
518.071
521.172
521.118
590.795
536.862
513.012
535.742
509.362
573.9
505.706
559.137
508.683
572.849
519.192
525.437
521.168
529.614
516.538
555.739
502.256
532.487
517.286
536.383
528.025
550.621
507.988
510.235
516.167
524.618
529.278
577.252
538.392
565.236
508.764
623.107
526.503
551.588
506.832
525.986
635.996
511.048
496.443
494.783
496.429
493.579
509.703
520.54
496.162
614.463
515.959
512.631
495.086
510.41
501.999
498.167
566.795
538.532
508.78
508.024
529.47
510.305
671.882
541.573
537.797
530.714
547.879
508.924
529.895
551.569
526.715
507.005
635.15
539.646
499.722
540.115
537.16
526.202
548.838
552.501
549.492
517.78
578.785
505.682
541.395
497.704
495.272
543.938
498.819
539.072
501.134
551.277
553.664
496.935
501.496
520.393
521.679
521.259
524.603
519.671
627.998
531.035
538.256
521.909
517.367
497.748
569.841
516.371
519.686
547.501
497.264
561.109
497.647
544.35
527.578
498.703
523.25
537.455
512.536
523.735
544.057
516.49
552.437
525.849
537.497
523.196
541.384
497.68
503.299
530.339
505.68
545.727
512.952
516.218
570.798
542.977
519.722
558.05
561.153
518.452
537.571
519.305
554.204
508.898
545.948
529.161
511.277
567.881
523.504
539.138
508.062
508.062
586.18
524.01
554.11
515.851
542.191
513.966
515.74
505.358
610.298
523.24
550.642
532.613
527.914
532.361
574.596
500.64
498.149
507.689
509.216
543.453
512.213
490.441
496.383
503.689
500.617
510.61
501.508
501.171
507.261
498.558
523.379
542.651
545.495
523.953
505.57
526.898
513.455
518.444
577.874
555.453
539.783
548.75
535.502
517.498
571.581
512.117
559.862
508.412
524.183
503.923
518.696
516.191
504.528
526.949
505.581
623.262
526.52
534.199
522.235
510.761
543.573
583.322
499.714
522.316
499.165
525.061
512.304
566.401
525.886
539.16
507.829
490.877
506.534
511.966
538.338
526.883
500.955
544.285
512.746
517.947
511.465
489.965
508.935
493.841
674.338
513.871
546.96
540.354
539.377
592.377
601.839
617.194
525.556
517.703
526.383
599.217
509.91
514.835
541.461
533.219
509.829
515.023
520.288
551.287
514.79
537.89
530.625
501.816
536.794
552.317
533.022
529.94
529.637
504.642
561.683
528.013
517.89
524.841
508.748
522.459
553.884
539.093
519.663
533.602
495.235
531.748
504.326
499.827
519.381
559.277
536.716
512.33
517.84
536.076
509.61
542.275
509.511
507.392
540.484
544.602
512.409
508.739
490.662
540.429
536.147
533.172
502.305
595.133
494.91
515.216
542.464
542.936
515.386
520.315
508.116
530.15
522.392
499.536
645.629
538.822
582.602
549.404
697.237
521.359
506.698
602.45
517.12
637.437
572.959
527.956
539.641
508.324
509.035
494.759
493.78
561.496
523.02
509.201
540.649
630.564
502.328
507.258
531.007
689.588
525.13
511.593
549.08
510.963
498.824
598.474
546.665
516.169
542.548
491.248
536.532
555.809
492.951
566.714
515.402
501.462
517.717
630.049
544.892
577.217
546.952
513.683
515.893
551.365
518.69
627.027
501.752
516.208
522.615
529.536
543.06
511.556
524.157
519.551
546.676
517.879
513.123
537.509
510.996
543.615
522.065
494.061
505.891
531.828
507.993
551.997
556.824
501.144
539.763
575.837
506.968
497.104
547.214
509.403
674.414
529.298
557.851
524.241
546.511
522.267
562.332
505.836
560.619
576.243
498.846
533.012
502.926
576.544
538.662
519.894
521.086
552.03
511.755
502.607
600.772
517.345
546.432
568.93
553.96
511.86
496.875
554.087
521.79
608.989
511.665
533.447
539.939
500.617
542.866
548.516
526.942
549.225
518.017
564.991
409.025
505.529
575.381
521.325
517.292
498.838
510.789
523.147
617.845
513.809
497.732
550.02
519.125
530.159
533.089
512.867
533.73
519.334
531.712
616.475
534.04
506.957
513.753
502.747
533.736
569.067
539.873
559.201
528.78
524.998
568.642
491.441
511.673
496.349
519.209
508.19
503.696
518.511
534.622
531.002
517.808
508.447
518.365
540.918
500.76
549.823
502.924
619.918
523.207
542.94
512.85
513.233
546.917
548.294
518.69
553.948
548.981
503.954
513.999
494.827
510.731
514.998
500.039
515.629
545.686
495.224
667.034
525.396
503.556
520.176
501.45
513.75
504.425
555.009
553.032
530.717
646.912
526.257
543.366
510.121
551.349
533.796
596.655
536.996
522.911
593.491
562.234
560.65
528.579
506.067
512.391
536.057
510.205
559.257
559.625
527.135
533.553
545.799
578.622
522.633
499.5
528.174
511.019
586.637
615.148
503.634
515.82
499.334
511.288
507.328
529.791
509.644
528.595
528.497
514.721
563.619
503.307
556.248
510.287
539.273
511.625
529.763
499.793
515.663
505.244
568.645
562.87
538.364
503.199
542.042
512.09
533.057
512.057
494.576
500.657
527.96
532.819
515.1
500.899
556.335
497.538
492.395
550.888
521.827
596.572
545.869
605.833
499.078
631.848
510
514.547
510.27
521.084
602.782
564.668
553.604
544.122
506.967
537.498
542.488
529.238
513.984
538.786
565.934
578.362
519.557
534.825
540.961
546.649
539.806
518.167
528.622
523.115
546.154
647.529
496.049
557.601
510.539
536.228
535.962
537.42
651.771
509.022
530.241
557.86
503.288
514.016
494.505
552.232
540.635
511.117
541.819
534.994
504.729
533.441
522.613
497.986
537.773
555.519
542.692
586.184
500.315
583.399
502.925
544.756
562.359
542.716
602.504
676.457
520.187
568.596
504.73
533.77
529.45
530.825
517.792
568.333
496.874
587.177
503.249
588.386
521.758
500.651
537.675
505.847
577.446
537.212
514.484
520.568
541.701
536.782
498.495
503.292
537.101
620.506
540.234
536.579
546.549
590.881
503.376
523.056
500.766
519.729
529.26
512.074
545.732
529.396
520.082
511.592
522.995
538.099
504.022
505.186
509.503
592.324
516.186
531.662
520.282
560.877
525.054
542.621
553.182
495.903
524.692
505.689
533.185
540.591
556.961
571.564
522.788
506.76
511.517
511.605
526.758
530.461
636.468
517.754
541.145
501.567
544.839
517.919
612.505
555.415
583.21
487.436
506.114
496.198
507.942
509.354
519.201
588.006
506.372
521.935
506.612
556.447
508.056
551.579
595.695
503.411
510.855
646.123
556.73
513.439
676.796
546.565
498.259
514.294
524.1
526.472
522.125
524.138
492.009
504.982
518.279
510.686
565.494
555.887
536.981
498.473
526.951
532.518
540.818
615.322
531.069
544.444
508.386
517.311
505.961
516.694
509.732
546.804
505.813
509.964
534.877
535.546
501.864
566.411
557.067
527.527
529.086
501.882
504.103
518.298
581.69
492.485
533.794
530.241
557.699
551.061
494.519
498.879
610.472
562.018
498.076
493.964
500.425
526.835
503.11
589.205
513.277
559.6
521.458
541.696
522.199
502
514.569
507.967
538.241
506.659
514.801
503.782
507.383
507.225
510.052
495.01
513.355
511.451
525.393
499.085
508.995
513.201
581.031
555.655
546.505
542.682
510.615
495.046
525.607
549.755
581.236
653.614
532.956
528.568
540.209
534.168
519.899
500.156
505.65
509.253
523.744
515.377
564.634
544.111
501.838
521.513
505.832
529.814
493.102
520.512
549
493.168
507.328
564.585
568.609
504.393
603.447
568.216
535.856
536.519
530.118
551.528
625.871
504.132
555.047
505.547
543.502
537.977
534.754
567.265
496.167
516.905
507.938
511.869
509.82
549.145
546.156
499.15
539.809
533.967
493.716
573.561
498.172
521.688
502.034
531.836
565.051
569.31
514.21
536.213
522.861
521.718
559.646
530.916
502.286
509.647
518.741
545.745
513.754
530.799
527.098
547.425
501.72
505.78
540.935
607.589
549.072
524.34
517.586
514.873
507.737
509.45
513.282
561.388
549.758
537.613
506.246
526.83
618.566
530.253
533.809
549.848
505.966
658.839
552.032
517.299
514.151
513.691
516.285
531.889
541.163
502.554
510.867
542.047
505.162
534.453
556.044
503.031
508.053
540.16
511.235
498.358
505.145
510.181
540.477
502.456
508.063
512.952
573.348
524.774
510.302
569.49
537.466
544.118
545.181
537.702
573.695
531.498
535.799
516.767
520.084
514.986
527.765
551.189
550.104
499.641
536.246
521.686
515.609
526.696
528.172
558.412
490.142
503.455
511.26
539.714
521.658
505.247
556.581
538.86
495.256
594.021
549.694
529.231
504.131
555.993
527.338
526.075
615.647
558.99
546.733
492.867
506.648
523.609
534.544
536.743
548.414
543.5
525.985
571.884
533.118
541.199
550.707
597.985
556.682
530.667
514.636
552.031
570.521
499.602
507.61
536.602
543.733
513.85
542.269
539.041
490.456
620.023
561.804
526.296
536.283
513.178
494.575
564.681
517.708
507.49
508.629
495.776
572.995
586.718
529.207
502.427
532.897
528.41
513.596
548.455
527.019
519.484
507.737
521.534
536.002
511.438
503.72
518.807
524.226
531.282
543.717
512.184
525.432
537.905
517.489
536.849
572.914
541.744
530.427
544.854
521.829
502.389
547.858
500.774
517.012
499.133
499.318
522.394
565.432
520.053
535.219
542.662
534.622
510.452
492.472
568.76
549.613
523.661
536.62
499.281
499.026
493.439
531.899
509.074
534.101
501.473
507.643
543.017
560.195
525.409
577.727
493.099
511.414
511.077
593.067
519.359
499.31
507.769
497.075
506.387
561.223
548.058
520.645
632.891
491.135
552.49
513.546
523.388
563.275
504.736
548.735
508.585
514.278
509.653
514.012
530.519
533.54
519.875
507.211
525.399
538.052
552.905
538.765
578.286
535.503
514.747
526.923
507.202
544.773
516.094
574.288
521.91
538.279
510.65
521.166
500.272
532.358
494.435
524.346
530.679
528.093
534.086
507.776
493.668
505.9
502.836
524.229
524.171
520.835
494.141
505.36
580.677
593.079
520.473
507.299
566.724
562.249
498.445
511.341
529.302
534.017
555.431
497.218
512.262
531.675
529.662
561.036
529.68
518.389
514.067
573.375
527.452
550.026
506.687
535.783
546.371
495.467
493.369
535.128
509.039
508.228
517.793
511.527
555.575
548.868
510.525
581.747
496.197
556.534
632.627
497.593
578.669
532.209
514.579
508.178
515.551
620.763
532.595
500.65
521.937
498.011
527.018
522.312
501.197
498.483
590.778
511.993
548.134
521.745
515.442
562.071
500.853
553.781
504.908
556.462
537.993
658.654
521.013
539.421
527.061
502.226
588.822
530.004
584.403
508.391
500.138
490.249
501.82
499.361
554.992
494.093
522.886
530.463
563.502
677.5
553.367
518.428
533.313
535.878
531.902
616.32
578.912
509.422
664.208
508.001
502.36
515.913
544.177
537.214
501.951
504.671
529.926
549.776
544.899
533.729
562.761
531.537
514.892
521.732
616.241
534.773
554.013
550.355
497.033
528.979
501.623
552.345
597.65
578.236
611.244
601.996
516.283
592.193
521.623
556.3
509.041
547.555
545.174
506.993
546.808
503.113
506.685
517.281
548.3
528.894
493.044
533.44
493.768
532.033
521.901
509.327
575.153
546.313
522.846
511.056
532.819
521.647
576.467
506.512
506.894
517.566
575.89
517.236
510.392
539.309
516.029
532.249
526.021
525.486
497.971
519.739
536.731
526.122
545.456
529.481
574.171
511.65
542.254
495.807
536.307
553.59
547.598
515.634
505.876
659.157
536.567
539.389
504.901
552.693
513.37
528.293
509.586
538.736
566.789
560.613
491.763
546.719
554.995
532.253
600.428
531.381
551.271
508.011
526.777
541.768
676.48
519.213
577.246
524.3
511.801
497.938
566.349
539.637
567.634
516.704
521.564
529.906
525.477
548.955
599.819
527.715
513.749
504.446
578.776
506.719
546.751
558.92
499.944
570.389
545.001
514.789
511.679
506.074
549.426
540.144
502.895
518.608
506.637
521.379
527.47
552.84
503.48
514.012
541.445
549.543
521.713
507.311
500.644
543.066
560.77
580.058
500.668
510.607
514.916
537.091
544.676
527.224
567.073
506.975
556.4
537.835
499.521
523.909
536.619
499.5
581.029
511.193
498.008
504.623
520.081
545.107
536.025
543.02
548.519
510.878
509.814
539.535
499.548
515.858
560.605
525.445
502.205
520.701
512.474
494.151
515.598
537.755
526.163
524.381
557.174
551.942
530.936
538.737
514.031
566.531
554.015
513.606
524.383
522.306
511.666
521.985
543.129
507.628
519.594
568.298
530.357
526.585
545.281
591.013
537.027
495.106
540.22
555.622
535.045
575.599
532.735
526.59
527.003
524.236
518.235
551.091
587.664
533.466
503.301
636.908
512.464
499.518
536.977
549.364
512.543
502.157
535.001
573.337
555.89
533.129
498.365
493.303
509.3
521.568
555.719
541.62
531.016
523.393
653.23
500.462
541.646
526.847
568.874
531.317
512.3
576.438
537.779
593.305
506.243
570.095
528.528
537.123
527.52
580.409
521.62
521.262
543.465
542.297
500.141
524.802
500.857
509.028
565.646
567.729
547.221
584.022
543.547
604.793
531.113
498.471
508.327
529.948
591.527
534.506
516.507
503.327
504.637
500.165
500.608
580.852
583.256
548.601
517.061
523.125
512.665
546.522
536.66
522.49
562.237
497.7
517.254
495.694
514.509
536.261
526.959
537.445
525.796
552.582
580.27
521.542
576.229
509.01
497.59
497.404
504.155
512.532
534.64
546.58
551.311
610.617
513.703
497.567
508.738
510.026
508.59
497.245
522.182
495.277
519.439
528.638
518.43
533.404
531.886
609.771
548.638
526.477
504.444
514.524
496.143
518.051
529.301
555.796
568.672
518.579
501.523
507.331
566.042
648.2
508.054
518.427
511.251
536.493
560.233
533.18
526.476
548.695
621.822
506.351
528.97
541.911
515.688
511.151
571.616
528.291
552.946
540.556
696.385
495.386
547.505
520.897
567.311
520.161
520.275
524.485
537.47
540.291
603.108
532.879
531.985
587.832
509.803
507.145
538.583
533.117
580.749
511.078
500.651
521.77
531.666
546.863
507.229
534.937
535.563
538.756
501.393
516.344
507.046
591.844
496.015
535.207
494.821
564.805
539.804
563.016
584.407
558.705
501.986
500.188
518.477
518.858
513.597
504.589
519.931
513.886
555.664
582.648
641.303
563.959
512.99
542.819
492.32
511.472
519.435
554.071
574.638
537.367
498.094
514.247
539.54
523.386
493.023
580.579
535.928
526.449
563.826
509.693
539.014
559.708
529.18
557.051
590.879
516.892
584.271
543.607
519.862
545.065
533.287
536.047
514.169
558.793
514.503
503.651
515.276
530.837
494.378
578.523
544.678
528.237
544.351
565.375
566.343
517.581
495.982
544.226
517.378
503.756
544.163
593.589
526.583
542.763
526.508
542.899
519.933
678.832
530.285
513.286
500
515.587
500.059
569.161
512.343
520.366
589.08
512.803
503.706
495.499
502.813
522.357
501.283
570.098
528.973
495.502
509.319
569.76
520.873
567.971
540.285
540.835
570.574
529.893
532.565
533.475
502.786
519.262
510.239
517.297
493.683
549.934
508.982
519.6
502.962
498.941
526.88
570.778
529.55
502.601
499.57
548.906
538.362
524.982
491.808
512.915
532.907
496.558
515.989
529.495
542.524
556.247
553.107
533.965
630.219
512.75
516.912
545.816
496.988
527.023
524.851
499.279
612.441
515.609
543.407
522.427
544.443
560.499
495.524
568.145
498.451
540.048
540.838
570.862
492.095
517.03
526.874
538.1
583.662
553.839
538.076
496.656
560.827
522.211
508.616
541.711
547.734
538.842
552.742
520.928
613.114
551.825
517.76
513.669
553.158
547.277
519.839
526.329
541.132
557.064
513.042
491.049
551.17
495.12
507.209
597.391
548.763
501.164
583.073
501.677
557.994
556.358
553.309
508.877
567.45
510.665
525.492
495.934
520.631
533.626
511.984
526.657
538.056
492.709
549.178
523.413
571.345
526.759
580.146
548.945
535.455
514.726
597.623
516.838
516.534
578.272
560.039
525.432
543.467
526.759
524.808
509.915
537.676
496.561
598.566
507.212
545.566
505.379
506.433
517.752
520.579
576.79
585.455
541.527
593.851
531.151
512.668
570.888
502.343
515.942
508.412
540.433
510.201
513.906
514.73
523.606
554.3
533.952
550.597
522.322
519.768
512.709
510.62
514.519
541.931
498.155
513.061
515.244
618.713
544.235
526.659
518.368
572.785
566.501
499.425
532.787
626.597
536.201
517.515
499.245
499.686
505.612
542.158
513.039
505.522
504.074
638.921
522.922
513.718
523.892
553.435
506.294
531.553
559.867
519.806
573.879
512.435
508.072
543.51
497.654
525.701
515.22
506.363
522.224
539.576
570.433
523.759
533.174
494.996
541.724
555.55
536.017
507.18
540.127
582.983
522.335
512.704
535.45
500.104
635.151
500.471
520.529
536.736
504.79
572.895
517.435
530.179
528.006
535.883
499.47
560.354
532.244
528.236
498.96
502.168
515.872
494.562
510.328
592.935
505.508
520.113
508.269
552.319
565.054
537.454
521.864
522.841
527.027
564.677
522.527
547.67
556.334
502.157
522.658
527.103
534.197
514.046
512.796
550.25
498.806
524.879
500.355
512.256
536.635
542.692
548.82
512.908
528.893
525.522
558.336
516.604
540.678
553.967
505.626
510.768
587.749
506.177
558.945
494.739
539.518
529.408
543.455
541.42
543.321
535.717
497.346
521.674
520.019
505.715
508.2
578.482
539.698
501.346
492.558
537.351
577.856
534.134
508.783
585.686
505.785
562.719
501.654
522.378
510.854
549.007
502.311
539.967
548.205
583.883
537.463
519.602
597.294
526.782
508.585
544.055
535.015
494.908
580.765
539.956
509.386
676.708
526.501
553.695
532.251
524.704
550.406
530.552
552.584
532.647
504.84
507.754
532.5
497.386
529.035
565.362
525.72
505.778
555.364
494.417
562.32
536.818
543.905
498.762
503.787
535.468
514.696
513.357
606.313
501.885
658.401
510.571
496.85
526.064
546.737
518.636
510.381
562.451
507.19
588.197
521.747
497.635
507.438
530.182
511.895
501.434
531.999
554.802
527.04
505.353
548.6
574.381
507.419
528.637
521.065
590.311
513.077
575.756
540.94
492.587
522.756
550.43
495.396
502.939
569.205
531.928
526.63
528.95
506.957
524.937
532.451
490.098
506.724
528.418
505.924
524.554
495.451
617.731
527.926
503.656
533.274
553.575
573.836
499.647
562.212
538.085
510.199
695.264
526.714
515.23
530.168
553.449
567.646
558.21
513.405
528.157
520.685
516.953
498.561
529.334
505.822
509.59
495.692
563.174
504.601
550.437
521.354
538.863
518.493
501.947
547.621
504.938
554.081
539.872
560.734
567.26
579.336
515.546
526.508
560.401
498.237
530.665
549.903
515.306
495.246
548.214
509.493
589.312
534.82
665.003
584.418
567.432
539.124
519.663
511.14
529.321
504.65
611.046
515.125
525.081
551.557
511.874
569.108
504.126
528.217
662.91
566.277
578.938
571.084
518.6
566.066
508.366
580.861
493.876
526.824
531.4
513.127
495.28
510.948
528.943
523.816
539.712
531.114
515.587
558.254
501.619
545.155
522.421
621.799
514.888
527.79
516.619
585.013
551.062
505.675
521.918
497.448
534.997
524.875
521.083
521.315
532.48
529.402
599.373
498.767
500.92
582.743
529.232
546.588
536.431
497.999
531.114
549.714
538.017
544.71
567.041
513.188
542.249
525.783
504.818
503.948
551.398
499.786
556.522
509.157
529.519
509.203
546.731
535.51
538.479
520.53
508.238
533.541
522.195
512.853
539.212
538.735
554.148
507.266
549.199
528.552
572.469
536.279
662.658
531.619
501.091
531.669
508.353
516.889
551.873
500.25
531.167
543.249
526.788
534.217
559.143
523.906
555.623
572.606
511.141
545.816
512.145
515.091
505.941
519.434
496.218
536.13
493.172
616.174
535.055
514.001
537.696
521.794
534.033
540.742
529.675
552.441
507.846
524.453
517.024
518.89
573
547.504
549.662
564.6
580.498
586.316
535.032
534.197
535.812
502.977
501.481
534.954
563.956
526.573
562.702
600.139
520.828
524.683
538.644
514.485
522.805
542.041
559.187
510.534
506.657
550.881
513.057
518.055
501.711
538.589
512.911
493.935
494.773
496.203
525.598
518.55
505.617
492.582
545.88
539.106
510.548
507.204
512.993
546.335
529.825
518.947
513.338
506.605
535.517
529.447
518.538
542.74
541.038
554.759
575.251
531.776
515.861
509.713
502.334
523.819
501.073
532.926
573.721
625.886
499.849
504.38
519.218
538.93
495.384
506.257
496.887
545.223
498.034
513.197
493.465
526.847
495.621
525.643
506.374
537.705
508.37
514.05
574.329
538.104
508.127
520.584
493.651
498.14
498.747
505.165
529.247
532.164
498.861
501.2
502.221
508.317
514.185
579.541
610.409
521.564
510.764
518.295
539.008
536.599
505.37
556.307
500.908
521.853
532.476
530.989
501.455
537.613
516.258
564.123
537.233
525.811
537.105
524.879
588.991
527.134
536.494
548.293
507.741
507.963
510.656
520.899
540.756
521.298
545.624
519.758
520.222
550.772
515.477
498.377
537.27
558.225
501.44
536.122
512.905
581.801
602.858
639.42
532.443
517.987
533.887
491.252
571.743
508.078
508.631
507.901
506.671
528.586
565.805
500.475
551.38
525.58
527.493
522.859
494.169
528.398
668.198
512.713
528.019
507.864
613.415
493.856
546.804
516.841
525.066
501.971
508.225
610.075
523.098
497.873
501.654
620.034
492.087
545.994
524.785
496.061
524.682
593.168
562.308
514.429
503.217
489.188
541.508
500.271
525.744
535.718
563.644
550.351
535.919
517.63
554.78
532.102
657.657
529.007
521.398
517.132
525.839
582.433
501.585
587.589
517.225
499.11
553.369
509.381
505.558
541.31
549.434
529.19
526.749
544.612
509.253
595.433
519.145
529.545
490.384
533.841
524.719
554.437
536.373
568
543.131
493.041
494.965
565.072
547.599
550.831
539.319
513.921
521.942
669.911
496.286
517.565
543.975
598.047
512.443
492.297
619.327
510.836
519.109
526.799
500.69
508.318
495.99
509.817
549.763
543.731
507.896
510.912
555.537
504.003
621.471
503.053
522.89
501.157
550.035
533.355
505.003
529.973
524.076
587.605
527.576
491.01
544.503
528.759
508.867
583.627
555.626
539.812
506.611
510.158
579.778
507.286
520.84
540.875
558.186
538.181
494.706
515.741
500.772
499.438
600.739
501.915
512.775
530.02
627.305
534.337
511.147
531.726
539.16
531.9
518.809
505.769
500.391
544.64
501.067
542.626
528.096
575.121
490.657
516.447
521.342
552.57
554.071
504.406
506.309
570.273
542.986
541.383
514.708
547.819
515.609
494.998
496.664
547.277
541.625
508.815
525.207
496.616
525.673
511.216
523.193
517.783
524.73
533.61
509.418
549.345
506.659
504.966
597.209
490.259
540.102
534.665
536.121
518.168
537.344
520.289
561.51
497.819
528.801
533.17
545.389
508.624
512.724
524.753
604.113
501.632
526.995
537.885
506.909
531.11
540.566
496.304
525.513
504.343
573.416
541.67
518.446
540.198
494.328
556.413
574.967
527.515
580.907
527.186
527.163
631.071
548.914
538.755
506.003
539.121
508.098
517.025
513.373
535.076
450.499
500.693
502.324
555.678
533.457
511.599
622.476
511.823
526.718
562.166
495.244
552.907
503.349
501.254
625.477
536.653
565.654
529.936
529.4
534.836
546.798
539.518
550.812
534.374
572.525
526.864
576.765
502.608
526.376
537.627
528.344
512.138
570.449
517.061
544.781
524.128
528.948
530.663
548.503
536.995
509.922
524.756
493.72
501.715
503.915
504.985
537.578
559.505
516.527
548.908
538.093
494.001
556.971
532.01
531.546
551.816
511.515
509.373
494.037
545.847
606.512
540.645
587.863
508.061
507.496
536.849
520.717
508.723
490.548
504.642
554.198
559.802
519.058
556.014
527.908
537.646
500.158
581.531
502.148
523.779
545.174
537.826
495.239
515.123
542.583
541.366
510.087
544.086
521.074
664.219
536.752
524.476
585.873
496.483
525.188
567.037
513.69
499.542
529.449
521.83
567.179
504.984
534.588
513.562
523.18
549.538
574.661
558.066
517.05
540.059
541.011
521.954
506.977
508.272
508.045
520.316
498.262
539.365
535.742
501.746
534.078
501.389
551.504
636.993
539.102
517.74
511.064
517.829
537.704
491.996
531.254
551.845
530.788
506.373
512.296
532.2
525.69
509.206
531.8
527.321
519.11
508.581
512.15
499.206
505.177
540.844
553.597
542.035
505.327
510.372
536.581
536.818
548.664
539.002
539.297
513.592
535.212
535.221
528.22
571.115
554.786
495.218
502.807
502.183
521.833
526.705
528.869
502.187
605.181
496.378
523.565
590.589
506.432
541.427
521.262
575.609
501.658
604.034
529.97
525.838
515.941
521.412
513.18
522.379
493.191
521.609
502.547
493.882
514.702
530.188
492.236
500.871
533.91
533.654
542.302
526.38
497.446
546.042
541.161
562.507
572.39
552.459
562.05
535.006
489.678
502.837
567.786
507.636
511.513
567.899
558.187
505.203
568.746
496.769
497.008
505.936
505.305
527.51
537.067
535.193
570.989
539.111
593.915
529.745
540.426
504.336
598.231
516.347
519.79
491.662
574.453
504.374
526.716
592.867
537.111
542.887
530.891
533.035
512.09
549.318
498.09
518.99
551.426
521.047
543.251
541.009
534.202
523.25
516.884
519.683
521.336
559.414
510.118
515.791
695.062
528.506
494.241
522.887
529.782
527.612
543.232
531.774
554.302
542.464
506.118
553.67
530.172
530.807
529.823
503.84
515.069
509.648
538.271
544.971
551.56
503.924
524.438
525.483
539.365
544.36
522.579
501.967
553.808
523.711
518.213
602.07
501.651
525.722
504.393
505.016
522.249
513.478
511.234
552.181
489.188
532.216
637.261
510.505
521.361
515.832
501.237
514.137
528.419
489.968
511.712
549.546
515.249
541.717
512.353
496.173
538.594
524.2
516.786
504.922
504.217
516.548
645.835
537.236
581.265
511.698
510.129
502.573
499.706
543.589
494.332
519.471
517.298
518.151
518.367
496.251
518.489
554.782
535.688
612.959
501.3
565.753
532.57
649.672
491.506
566.714
533.823
520.598
515.139
504.038
525.785
544.698
502.703
543.938
561.494
524.041
547.861
538.987
502.253
517.114
514.495
547.493
538.627
527.862
542.435
507.998
514.405
530.869
536.115
512.057
537.802
511.453
641.696
504.794
529.324
529.533
535.317
499.354
546.253
538.819
515.046
521.466
517.085
526.206
520.291
493.353
511.358
534.227
529.964
501.616
509.627
516.377
542.23
490.057
520.303
509.292
526.161
510.277
498.176
513.255
534.224
602.203
510.256
511.385
628.765
515.996
525.293
512.516
552.45
525.694
553.426
531.042
536.091
509.095
492.961
510.713
541.836
516.613
522.969
611.413
519.078
509.75
555.454
548.703
502.379
530.739
556.868
537.124
554.366
516.271
495.419
497.472
509.054
512.846
528.917
537.914
518.99
529.054
541.769
561.651
547.353
506.856
567.4
547.796
503.374
528.532
518.941
653.972
496.38
526.867
522.978
527.637
540.134
547.55
530.288
511.342
552.625
537.812
531.945
535.887
502.54
507.373
509.914
519.368
500.288
566.809
511.474
515.692
518.51
628.64
525.93
514.106
498.122
589.295
497.714
584.876
507.434
532.503
512.645
548.809
508.648
492.765
514.825
496.347
519.139
538.243
526.006
531.616
516.988
553.55
513.907
535.448
518.153
548.651
534.43
660.341
502.942
566.433
497.876
572.882
504.567
503.987
659.417
534.606
538.21
545.404
538.788
500.818
531.697
519.583
566.806
509.868
515.12
533.354
532.183
543.334
544.046
498.845
501.474
549.487
492.842
527.806
537.717
491.284
510.952
507.8
515.811
520.599
541.872
493.023
562.528
518.874
511.844
566.738
498.678
571.548
579.921
524.442
495.808
524.655
578.497
513.249
508.387
498.319
522.862
562.794
559.472
546.941
518.25
527.597
523.017
569.522
516.201
500.859
506.212
538.09
490.277
504.956
518.128
537.096
532.252
503.143
518.246
520.279
544.169
541.279
535.597
482.155
557.759
510.172
512.97
515.012
555.724
501.053
513.764
495.499
501.494
497.199
565.573
523.382
577.965
616.454
507.701
519.035
513.525
517.8
505.599
509.195
500.394
525.655
520.119
553.406
527.943
499.663
496.525
573.048
523.385
500.709
511.277
507.545
521.166
532.291
542.183
509.635
501.812
641.394
534.604
512.619
586.53
529.178
520.165
549.809
548.763
529.124
588.133
533.174
526.166
530.246
511.766
513.875
547.182
529.162
610.038
562.669
505.643
538.968
528.319
581.116
526.286
527.749
508.161
550.148
527.097
567.573
543.339
568.966
546.193
495.218
518.366
509.202
533.896
547.752
558.378
562.077
502.774
543.502
506.356
599.998
501.994
548.601
540.474
508.837
511.272
516.831
561.634
538.713
529.843
512.127
504.671
516.948
504.276
512.506
509.82
542.091
560.25
521.777
526.186
549.146
505.557
523.338
506.038
527.462
528
505.794
530.365
545.975
533.539
498.035
530.212
531.11
560.296
527.378
577.351
504.946
612.8
521.432
523.839
560.774
522.006
553.296
511.331
522.946
534.563
539.05
515.024
499.944
510.346
497.286
514.422
491.805
518.507
554.496
514.21
515.669
531.081
595.302
523.819
583.521
554.742
570.343
612.845
493.841
524.401
530.415
533.217
540.505
530.237
513.426
506.094
503.921
512.726
537.6
507.387
555.001
537.972
542.089
518.97
531.485
542.379
562.228
535.846
557.634
622.258
526.463
523.538
500.722
496.446
532.257
528.517
539.303
541.966
550.853
551.204
544.952
510.309
529.33
528.282
534.122
545.195
529.293
530.713
492.049
516.577
494.629
518.408
563.756
524.564
491.751
546.802
531.602
696.711
513.968
561.248
514.718
509.552
532.683
599.668
493.6
495.531
570.347
578.425
527.566
540.675
606.958
545.996
602.306
552.735
513.143
589.296
532.901
496.898
548.592
631.071
542.463
500.99
495.656
493.057
534.239
579.928
536.387
537.286
550.813
504.318
538.265
552.254
570.288
586.512
503.233
538.563
566.808
557.217
512.449
515.763
516.968
539.953
507.626
584.814
524.955
532.651
496.905
514.906
563.64
525.866
614.029
544.503
505.176
547.364
504.149
516.638
522.674
517.331
556.47
508.397
511.16
504.993
539.407
493.426
536.027
587.941
495.872
511.448
507.59
541.928
511.573
525.566
606.971
575.31
529.253
501.356
493.98
509.065
525.93
594.181
495.968
514.705
566.466
528.141
568.069
555.464
495.841
543.312
521.715
511.924
548.28
604.837
510.621
532.721
541.325
646.529
504.491
489.808
540.592
497.305
505.766
564.551
551.6
617.324
546.872
511.743
548.455
519.776
543.631
521.45
514.972
531.55
535.659
508.103
510.158
560.367
541.306
531.763
561.969
575.827
602.036
511.396
505.39
552.341
542.047
502.462
507.428
538.784
534.645
545.496
545.735
541.399
534.096
544.867
526.736
522.59
556.546
522.559
505.369
554.798
605.665
536.545
528.266
494.983
510.955
607.214
503.392
520.84
510.786
507.158
525.869
512.904
524.725
556.887
513.299
545.107
528.846
540.538
521.259
540.621
572.154
505.541
550.348
532.855
537.102
501.721
656.189
513.576
506.904
522.251
545.158
547.931
527.806
543.923
589.248
562.683
491.296
543.498
565.157
561.87
507.425
533.989
543.964
513.858
495.558
534.407
511.081
499.547
500.693
556.275
511.222
515.265
512.258
508.153
561.58
531.823
528.409
543.61
541.584
524.811
511.161
489.184
494.484
525.023
523.211
535.071
522.618
524.576
509.047
493.481
502.759
523.296
525.58
510.97
513.586
503.135
499.165
524.912
504.775
493.449
569.359
532.39
524.38
517.166
496.13
507.24
507.434
591.613
535.075
570.496
519.643
520.751
503.479
535.537
518.545
511.749
526.915
539.729
526.757
539.067
553.538
510.83
511.931
580.703
543.712
518.547
541.774
567.776
589.007
513.87
519.04
541.185
494.422
528.783
522.846
540.546
516.878
582.08
529.505
513.915
519.152
539.309
494.322
508.694
573.837
607.236
494.093
512.876
508.851
567.353
534.129
530.771
505.266
566.691
515.161
499.701
564.261
527.944
498.381
551.475
541.077
519.787
494.369
523.818
554.359
580.74
522.509
653.965
508.697
572.647
592.052
518.35
541.68
532.98
527.108
563.901
554.995
496.175
506.399
539.447
635.464
571.314
531.066
512.151
525.646
544.83
513.255
539.981
512.983
551.482
536.846
554.518
516.338
494.436
494.119
515.171
507.963
549.678
533.736
497.61
501.222
500.877
493.404
605.164
545.593
527.906
542.015
515.219
534.3
506.175
512.689
539.693
564.796
505.975
523.7
529.425
498.312
503.455
524.658
528.507
523.725
511.226
516.7
515.696
499.743
568.224
533.46
578.084
514.004
574.424
522.438
543.132
558.698
598.865
550.019
541.7
541.657
497.305
509.115
536.172
550.143
535.418
510.732
515.571
516.083
527.257
506.974
515.089
545.14
535.872
508.623
518.311
503.385
564.225
518.472
525.183
545.518
498.411
500.499
512.531
498.247
537.724
495.987
513.146
499.582
520.74
523.601
502.377
492.148
522.318
546.377
514.532
511.676
535.65
528.307
532.001
503.84
531.925
536.518
519.221
543.407
517.754
496.798
515.641
501.652
548.268
524.265
558.925
501.7
519.27
573.86
518.168
507.64
506.362
498.288
512.309
534.1
505.761
501.648
530.883
496.296
547.489
535.999
555.315
521.059
524.811
623.345
505.037
539.026
571.114
506.613
537.249
536.335
507.069
492.897
491.404
516.26
503.212
575.79
566.998
515.133
525.892
541.527
500.867
579.113
529.206
522.318
532.787
501.494
495.647
553.76
592.812
521.813
508.758
552.123
507.564
513.778
568.952
507.525
523.495
515.845
529.742
501.363
566.635
515.69
502.974
499.327
516.028
577.777
519.267
509.946
495.429
557.785
539.678
551.47
541.74
506.634
503.87
530.101
542.777
512.764
538.884
564.288
628.333
508.113
540.836
573.312
572.831
513.981
499.172
524.685
516.963
530.095
509.224
531.207
525.674
511.105
501.885
502.212
534.719
539.137
519.224
617.611
504.814
523.892
497.395
573.997
612.898
520.443
520.102
563.49
546.775
524.605
512.607
553.022
517.052
514.906
516.029
524.501
554.041
562.527
629.216
544.225
514.03
536.249
508.936
541.527
525.193
532.978
518.343
512.945
539.405
505.267
537.298
514.8
518.426
556.829
515.034
525.49
514.79
542.565
495.481
530.369
526.033
526.027
519.676
508.03
530.682
512.141
505.682
537.005
509.954
547.957
563.535
519.274
528.304
572.062
562.979
534.259
546.644
516.487
544.939
518.58
579.427
520.075
536.473
542.578
549.844
515.316
588.678
575.919
515.134
538.501
504.113
542.81
528.702
545.647
520.576
508.488
566.421
598.234
551.409
528.984
520.573
524.532
528.247
545.886
527.25
575.408
532.975
533.758
520.13
493.034
513
508.735
555.404
531.27
509.54
551.775
573.519
542.95
669.136
540.02
576.553
567.345
651.689
515.562
553.4
491.203
542.789
499.871
501.075
501.806
541.168
499.854
519.094
531.098
504.715
578.059
498.411
514.207
515.948
525.224
528.793
492.819
500.359
523.792
564.992
526.474
495.927
539.83
541.159
536.75
543.025
513.929
555.028
534.056
512.369
499.103
557.093
562.299
554.06
500.157
502.164
599.008
496.406
523.987
503.127
543.307
510.847
508.748
586.287
565.154
490.909
660.104
506.509
494.004
535.233
608.381
537.179
531.036
538.753
570.328
554.235
548.546
581.507
586.605
512.531
530.645
538.064
579.146
549.103
517.837
536.909
516.533
512.994
514.088
506.818
507.894
559.021
497.461
656.851
512.63
521.194
559.589
505.46
533.389
548.875
661.156
502.16
502.482
525.809
540.826
497.873
533.771
578.127
513.406
508.373
513.733
538.991
519.716
527.186
512.85
543.826
530.793
536.522
550.173
527.543
527.501
524.605
605.887
513.634
547.182
556.174
571.129
544.005
530.582
519.398
503.34
677.765
546.923
551.499
635.136
546.26
551.245
551.561
493.294
513.916
542.669
533.378
525.897
524.491
575.643
526.298
501.899
571.536
520.008
509.044
528.637
577.663
526.027
504.364
497.331
511.103
505.649
549.798
524.807
543.227
495.858
500.143
526.441
571.183
513.08
540.789
529.569
535.52
531.077
509.624
521.869
504.301
500.765
503.199
541.165
518.138
502.068
528.986
529.863
535.417
546.742
500.139
497.648
571.096
545.632
495.646
531.674
495.458
525.863
521.654
495.902
500.441
564.392
585.414
520.377
516.556
530.39
539.327
531.708
548.774
501.4
520.426
508.485
502.773
507.203
508.935
523.047
531.329
525.632
526.356
544.439
540.541
526.894
516.069
513.796
540.15
513.866
508.535
556.293
542.938
500.561
514.691
507.527
533.324
540.461
521.869
619.019
533.88
570.028
525.051
549.364
546.195
546.512
533.349
509.594
532.893
547.925
508.634
548.637
525.409
541.55
498.734
512.947
493.522
534.162
534.279
584.041
522.433
546.16
526.099
518.017
544.798
555.004
612.733
524.785
543.552
534.88
547.716
493.231
510.035
524.709
501.35
611.132
522.115
506.295
588.086
503.666
502.379
543.098
523.307
527.268
504.856
503.311
516.251
516.057
524.268
525.816
540.425
551.29
523.951
510.84
498.286
539.201
608.792
560.294
558.307
539.033
563.323
506.903
524.481
512.044
511.55
537.841
525.108
506.705
567.762
554.397
502.789
553.812
505.174
502.427
571.727
581.183
496.558
535.163
515.444
509.691
538.282
507.097
537.384
541.676
495.534
523.068
571.224
522.621
512.478
535.647
527.9
502.2
555.009
527.6
528.297
512.702
510.061
503.609
501.265
506.983
552.24
535.03
525.834
522.884
500.663
650.132
495.36
519.807
499.577
498.417
516.835
497.636
508.872
496.921
595.325
570.798
524.422
524.037
514.853
562.031
549.265
515.603
546.619
536.758
533.33
507.49
526.72
572.624
531.327
551.815
505.769
539.535
512.442
499.225
548.184
558.522
568.431
517.493
685.04
504.158
501.607
509.662
510.183
506.326
499.671
514.353
574.381
533.336
504.872
549.435
515.022
495.685
508.074
490.563
519.27
519.648
536.905
526.701
510.192
518.46
512.036
625.459
524.031
505.643
529.056
542.045
502.516
577.662
667.601
498.569
530.377
513.91
520.319
501.149
502.305
513.51
510.197
529.295
521.16
505.989
557.929
509.659
551.317
518.213
507.185
547.613
489.755
535.336
517.725
523.041
596.839
499.966
522.197
514.178
500.832
505.218
548.227
517.283
559.287
534.975
549.333
555.851
529.599
542.288
535.687
526.789
530.756
515.813
521.5
493.394
510.377
498.468
558.192
529.732
563.97
530.011
540.906
572.765
522.53
524.914
542.736
550.931
501.248
513.154
542.185
495.346
596.647
650.877
510.739
521.557
535.389
589.877
506.924
511.302
500.118
542.089
571.889
547.135
590.944
505.411
534.74
520.508
594.413
515.576
515.933
533.962
502.223
515.117
570.89
504.601
593.575
515.857
519.87
501.558
511.977
540.171
507.179
549.007
521.184
508.309
504.162
503.447
538.548
629.722
629.296
495.39
495.83
553.924
497.76
585.64
592.11
529.364
545.698
597.655
529.842
521.524
559.577
533.716
503.044
523.081
532.474
503.745
541.331
521.2
529.016
556.045
617.946
526.464
540.324
504.509
501.149
538.949
522.617
525.439
536.739
504.75
587.1
493.657
521.62
519.061
533.469
548.98
547.219
644.376
514.143
503.075
528.986
531.186
554.878
515.003
519.87
506.726
500.334
512.268
505.849
566.353
541.791
611.555
521.197
522.343
541.245
538.478
594.176
575.808
550.177
515.275
496.1
533.007
514.294
583.885
624.065
530.7
506.965
509.349
502.766
512.9
523.711
527.828
543.998
533.845
508.289
512.043
495.881
495.554
672.724
500.481
537.068
516.094
562.212
605.672
516.929
547.194
526.318
509.008
534.528
550.78
516.515
547.586
539.481
531.606
579.29
544.921
549.323
528.03
558.245
528.996
519.396
566.517
499.388
534.836
495.141
582.185
523.788
535.518
512.502
523.162
552.353
496.133
514.449
523.109
535.881
555.986
505.868
518.992
526.034
509.814
590.582
514.131
611.181
531.108
537.732
497.642
517.137
496.629
498.377
524.882
527.412
500.322
512.789
503.745
523.874
531.855
523.15
515.648
558.735
521.51
532.338
552.069
515.23
545.176
525.622
520.092
503.656
530.029
520.412
494.429
515.697
513.757
497.269
532.124
505.421
558.724
539.673
510.43
510.764
542.664
568.604
500.045
516.435
509.624
501.225
504.756
540.524
513.346
504.312
551.751
588.724
520.248
509.818
571.29
513.967
505.738
515.059
519.604
559.079
508.89
500.367
557.417
513.749
540.772
520.288
526.23
517.839
565.512
544.974
492.062
535.15
500.279
534.974
560.113
513.24
535.497
534.49
526.89
493.246
545.525
495.491
538.047
511.074
510.837
490.836
495.601
508.172
518.51
543.207
529.728
511.041
498.776
528.501
498.056
544.841
532.543
509.238
587.839
567.311
506.441
515.926
589.816
521.098
525.077
500.786
494.056
505.578
507.097
562.449
570.109
520.183
538.341
492.801
491.786
516.75
507.77
529.471
511.385
519.964
529.044
525.806
531.763
567.598
512.397
568.07
568.123
497.491
504.899
500.868
498.256
535.948
521.365
506.557
542.326
510.827
518.191
502.153
519.337
529.74
520.824
619.392
507.167
537.992
508.857
553.432
513.971
510.599
547.184
517.888
553.384
524.974
507.302
493.978
506.499
573.516
512.832
493.517
512.684
542.18
525.757
549.631
497.515
537.616
514.425
551.026
512.15
507.679
542.578
536.964
513.816
585.806
435.75
491.409
498.75
622.055
509.991
527.961
522.785
542.278
523.801
517.432
504.005
553.371
515.956
582.877
542.793
526.01
524.257
517.498
537.027
493.047
527.918
505.58
502.698
520.927
532.425
552.562
552.727
535.54
529.819
499.489
498.841
494.427
535.751
587.542
531.011
557.792
498.718
515.585
503.458
501.917
568.466
524.295
563.601
499.811
498.442
515.776
521.708
519.003
496.854
560.223
532.029
555.65
534.036
558.921
501.669
538.701
515.448
528.278
596.681
574.736
510.877
507.251
506.205
492.537
654.703
503.79
547.242
517.159
646.979
543.404
515.001
550.627
523.925
594.235
525.76
530.786
533.277
534.602
514.163
497.935
555.32
508.861
525.901
503.079
550.633
501.297
499.267
495.419
569.474
528.59
511.61
656.345
501.48
499.05
589.164
507.58
508.495
551.893
539.684
520.012
545.701
554.647
528.202
543
612.258
515.057
560.532
577.411
529.755
536.323
544.22
520.708
537.708
531.784
534.771
569.324
498.146
508.421
551.33
496.735
538.889
512.689
525.768
510.238
530.474
514.641
512.837
519.044
516.081
597.304
516.427
525.201
515.492
514.772
532.657
542.492
520.027
596.193
542.762
603.139
521.25
513.034
495.357
542.418
527.594
533.131
501.964
513.879
543.368
514.404
556.155
493.579
501.692
554.927
532.4
526.317
580.635
503.546
638.264
500.817
497.748
491.631
558.327
523.161
543.749
538.917
558.718
629.809
518.216
533.556
504.984
554.556
561.325
543.535
494.808
505.948
547.991
512.725
525.49
496.287
654.486
549.908
499.561
512.156
504.208
492.502
524.777
529.151
574.332
535.521
535.017
530.676
524.379
559.693
538.404
588.203
543.158
519.026
497.547
560.173
512.292
569.772
519.057
504.148
504.015
509.06
521.03
557.254
541.889
518.746
517.605
601.452
494.592
550.28
506.976
511.327
516.475
531.641
559.815
493.166
535.505
538.572
497.658
536.824
607.554
547.657
512.747
611.287
537.634
524.975
531.877
578.325
615.532
524.194
525.926
497.718
562.731
501.161
533.464
543.544
503.093
540.201
507.18
512.34
510.141
538.816
533.779
520.924
534.91
548.008
561.146
554.31
516.506
508.807
544.272
532.449
527.696
506.988
552.564
495.739
510.74
541.104
581.966
541.11
587.341
518.845
499.997
537.158
562.784
547.539
506.671
553.383
662.536
519.308
504.458
512.87
509.871
597.64
494.448
508.747
536.841
494.208
512.753
551.943
492.787
526.777
500.602
501.908
495.22
558.18
505.848
519.095
514.47
512.698
521.143
532.942
575.177
503.284
545.338
500.569
526.934
510.814
514.18
567.748
565.663
493.258
501.033
647.539
517.326
519.813
577.033
551.202
537.861
548.288
599.48
493.311
495.772
514.984
505.994
526.095
628.107
549.343
529.627
522.112
525.996
510.851
531.529
494.523
548.119
503.495
527.619
502.182
523.822
574.506
498.858
524.055
522.809
553.005
555.561
516.504
535.614
511.611
509.46
532.664
539.186
492.893
532.921
537.8
507.823
514.321
512.174
506.293
514.723
493.963
542.215
556.163
533.186
659.041
535.032
501.676
582.353
506.526
521.538
505.106
517.534
584.696
511.452
505.912
520.291
529.212
593.355
502.572
495.062
