1095
1118
1097
1054
1078
1079
1125
1026
1026
1108
1077
1040
1095
1085
1122
1045
1100
1113
1109
1067
1060
1113
1068
1074
1093
1072
1126
1083
1054
1170
1059
1143
1071
1060
1073
1133
1080
1057
1037
1134
1097
1079
1131
1091
1104
1035
1088
1085
1115
975
1070
1033
1067
1091
1103
1085
1093
1110
1076
1085
1087
1164
1087
1115
1066
1074
1114
1115
1113
1027
1103
1096
296
1049
1141
1105
1096
1091
1203
1114
1066
1094
1076
1083
1118
1047
1068
1041
1113
1085
1162
1086
1096
1061
1111
1121
1057
1078
1058
1093
1080
1163
1100
1052
1126
1036
1112
1087
1066
1088
1072
1093
1097
1055
996
1063
1107
1128
1114
1062
1114
245
1118
1103
1090
1131
1103
1017
1107
1142
1123
1102
1072
1088
1105
1095
1117
1050
1085
1107
1087
1042
1062
1097
1096
1075
1137
1088
1090
1072
1091
1072
1068
1084
1122
1080
980
1055
1028
1014
1096
1016
1023
1131
1147
1025
1053
1050
1045
1069
1073
1053
1075
1017
1107
1109
1103
1157
1016
1089
1059
1011
1111
1043
1146
1083
1107
1091
1032
1077
1044
1009
1039
1064
1063
1116
1100
1044
1025
1071
1073
1047
1076
1010
1078
1063
1073
1074
1114
1035
1100
1077
1073
1131
1099
712
1062
1086
1041
1113
1094
1053
1071
1092
1097
1073
1054
1067
1124
1079
1163
1072
1181
1109
1024
1129
1169
1072
1125
1089
1058
1041
1124
1123
1069
1047
1097
1122
1058
1112
1129
999
1083
1135
1153
1076
1115
75
1061
1072
1054
1079
1123
1050
1168
1096
1083
1125
1048
1097
1087
1076
1102
1116
1139
1163
1116
1072
1083
1106
1096
1159
1074
1094
1099
1098
1048
1033
60
1095
1053
1065
1095
1031
1111
1090
1085
1062
957
1097
1071
1079
1081
1116
1045
1121
1010
1142
1115
695
1129
1101
1087
1123
1060
1159
1210
1073
1082
1074
1032
1084
1037
1071
1113
1118
1099
1099
1093
1105
1093
1110
1092
1074
595
1079
1058
1102
1110
1031
1105
1110
1124
1063
1088
1050
1074
1099
1141
1062
1052
1089
1066
1026
1102
1085
1110
1095
1117
1016
1098
1079
1080
1133
1078
1031
1099
1103
1076
1085
1147
1091
1131
1102
1053
1088
970
1112
1108
1093
1096
1144
1116
1098
1126
1113
1050
1070
1145
1017
1148
1128
1099
1108
540
1082
1099
1087
1045
1041
1065
1105
1063
1057
1109
1106
1074
1110
843
258
1054
1079
1072
1104
1077
1026
1129
1084
1092
1110
1058
1128
1055
1061
1171
1060
1088
1097
1092
1129
1047
1080
1094
1054
1123
731
1090
1109
1094
1154
1109
1071
1062
1093
1114
1047
1112
1122
1120
1078
1141
1087
1110
1101
1097
1092
1101
1064
1065
1124
1102
1151
1081
1118
1131
1055
1075
1058
1084
1075
1045
1066
1094
1090
1091
1057
1092
1037
1057
1056
1090
1098
1061
1115
1032
1046
1094
1150
1110
1064
1043
1106
1011
1145
1097
1070
1159
1106
1085
1062
1110
1070
1042
1058
1041
1050
1107
1113
1089
1083
1102
1086
1123
1038
667
1170
1036
1042
1061
1071
1032
1125
1039
1049
1091
1075
1070
1150
1041
1060
1064
1064
1081
1072
1049
1056
1115
1040
1094
1055
1091
1097
1145
1082
1073
1139
1086
1060
1020
1114
1062
1150
1030
1099
1070
1169
1113
1092
1032
1067
1143
1109
1129
1063
1067
1102
1085
1094
1010
1086
1127
1036
1119
1075
1040
1088
1075
1100
1078
1168
1138
1123
1100
1046
1051
1039
1112
1048
1102
1066
1044
1123
1117
1054
850
1028
1140
1139
1076
1099
1101
1117
1132
1068
1127
1034
1095
1091
1051
1082
1132
1060
1023
1037
1068
1079
1090
1086
1124
1072
1092
1029
1077
1085
1128
1052
1080
1108
1056
1116
1103
978
1097
1149
1086
1090
1057
1098
1091
1054
1093
1071
1082
1111
1118
1033
1110
1073
478
1143
1051
1066
1095
1150
1108
1076
465
1113
1048
1043
1095
1126
1067
1104
1051
1088
1121
1110
1099
1091
1143
1142
1046
1104
1096
1134
1072
1106
1103
1115
1126
1038
1129
1066
1121
1122
1067
1028
1122
1105
1103
1101
1136
1136
1104
1073
1193
1075
1090
1084
1069
1060
1099
1120
1124
1060
1112
1136
1133
1053
1078
1108
1119
1093
1140
1068
1119
1132
1035
1105
1089
1142
995
1088
1097
1072
1143
1195
697
1103
1112
1081
1122
1045
1099
1045
1037
1063
1047
1085
1052
1103
1055
1014
1143
1162
1123
1048
1144
1072
1082
1107
1134
1072
1070
1067
1060
1089
1043
952
1094
459
1075
1095
1005
1049
1051
1076
1064
1063
1091
1030
1110
1142
1068
1090
1116
1111
1073
1050
1094
1088
1054
1138
1085
1031
1012
1105
1059
1078
1119
1101
1100
1168
1150
1144
1013
1094
1107
1076
1064
1114
1068
1103
1082
1073
1076
1110
1073
1125
1168
1064
1059
1094
1124
1138
1040
1051
1099
1123
1091
1070
1078
1075
1114
1104
1096
1126
1070
1068
1055
1082
1121
1128
1088
1086
1053
1115
1082
1072
1085
662
1110
1123
1146
1084
1102
1069
1110
1047
1056
1064
537
1048
1080
1111
1123
1127
1075
1062
1014
1105
1059
1144
1138
1081
1038
594
1100
1057
1142
1131
1060
1094
1104
1073
1148
1092
1083
1101
1058
1079
1129
1048
1044
1126
1098
1061
1064
1048
1130
1097
1090
1070
1027
1058
1097
1065
1031
1090
1118
1128
1124
1113
1018
1124
1060
1118
1075
1160
885
1104
1079
1010
1135
388
1083
1063
1119
1064
1030
1088
1131
1053
1085
1055
1065
1083
1130
1112
1067
1069
1065
1133
1108
1089
1087
1103
1080
1065
1146
1047
1080
1115
1084
1057
1097
1094
1067
1007
1075
1072
1036
1104
1075
1100
1062
1077
1107
1101
1089
1032
1106
255
1079
1113
1086
1057
1100
1098
1079
1100
1125
1115
1132
1059
1020
1013
1115
1101
1072
1090
1101
1040
1059
1088
1079
1045
1103
1099
1096
1068
1065
1021
1024
1116
1130
1078
1075
1115
