2285
2260
2142
2182
2307
2104
2192
2244
2167
2225
2218
2140
1933
2261
2220
2214
2166
2234
2204
2151
2219
2161
2098
2219
2184
2135
2119
2343
2171
2201
2221
2244
2222
2099
2127
2277
2256
2316
2197
2217
2212
2197
2176
2108
2245
2187
2226
2223
2192
2234
2298
2226
2178
2230
2237
2200
2194
2199
2273
2264
2221
2185
2248
2262
2199
2183
2139
2221
2133
2179
2246
2176
2178
2226
2248
2304
2215
2171
2226
2135
2228
2151
2228
2244
2164
2091
2236
2215
2148
2163
2191
2293
2267
2183
2210
2195
2077
2168
2165
2145
2285
2260
2142
2182
2307
2104
2192
2244
2167
2225
2218
2140
1933
2261
2220
2214
2166
2234
2204
2151
2219
2161
2098
2219
2184
2135
2119
2343
2171
2201
2221
2244
2222
2099
2127
2277
2256
2316
2197
2217
2212
2197
2176
2108
2245
2187
2226
2223
2192
2234
2298
2226
2178
2230
2237
2200
2194
2199
2273
2264
2221
2185
2248
2262
2199
2183
2139
2221
2133
2179
2246
2176
2178
2226
2248
2304
2215
2171
2226
2135
2228
2151
2228
2244
2164
2091
2236
2215
2148
2163
2191
2293
2267
2183
2210
2195
2077
2168
2165
2145
2202
2154
2159
2250
2187
2199
2222
2196
2223
2221
2274
2100
2130
2196
2137
1114
2154
2218
2114
2281
1934
2225
2210
2243
2215
2199
2236
2182
2234
2271
2209
2261
2231
2230
2238
2154
2188
2255
2176
2181
2176
2213
2128
2159
2258
2240
2207
2169
2191
2171
2222
2192
2195
2262
2103
2182
2193
2063
2155
2259
2269
2208
2184
2170
2221
2175
2172
2345
2188
2277
2197
2328
2297
2106
2132
2277
2190
2219
2127
2281
2200
2172
2223
2262
2244
2208
2246
2150
2173
2198
2235
2231
2139
2135
2262
2190
2192
2268
2243
2249
2150
2194
2240
2231
2240
930
2234
2206
2219
2216
2275
2195
2223
2136
2242
2191
2176
2282
2232
2281
2157
2145
2198
2298
2131
2137
2194
2151
2222
2190
2130
2102
2225
2194
2262
2139
2210
2119
2177
2186
2254
2130
2158
2246
2142
2227
2192
2136
2197
2237
2213
2252
2290
2068
2213
2194
2045
2135
2167
2181
2124
2119
2213
2152
2154
2237
2068
2255
2205
2185
2198
2326
2291
2197
2238
2184
2097
2135
2252
2249
2202
2164
2189
2233
2205
2119
2176
2170
2242
2179
2199
2076
2166
2226
2245
2229
2179
2243
2280
2225
2242
2241
2221
737
2176
2250
2281
2154
2223
2207
2321
2202
2221
2242
2182
2176
2153
2238
2115
2223
2227
2195
2262
2262
2240
2158
2162
2202
2170
2298
2278
2164
2189
2220
2221
2279
2233
2181
2157
2246
2155
2158
2220
2093
2203
2184
2235
2179
2221
2220
2245
2231
1460
2200
2122
2229
2237
2179
2203
2191
2135
2258
2184
2152
1672
2260
2197
2165
2274
2269
2240
2265
2204
2221
2164
2190
2099
2184
2227
2173
2094
2189
2233
2267
2232
2262
2106
2214
2076
2191
2202
2243
2213
2238
2207
2188
2177
2199
2183
2193
2203
2266
2221
2202
2104
2239
2192
1546
2145
2222
2247
2274
2221
2199
2174
2204
2167
2229
2189
2233
2321
2241
2327
2167
2234
2253
2200
2264
2240
2238
2238
2219
2122
2164
2179
2177
2280
2187
2252
2225
2172
2286
2304
2218
2131
2226
2173
2257
1766
2215
2262
2220
2229
2208
2189
2209
2170
2251
2148
2247
2223
2190
2244
2105
2171
2180
2162
2269
2290
2249
2241
2192
2188
2315
2171
2227
2116
2318
2150
2139
2316
2182
2102
2265
2293
2249
2270
2275
2209
2239
2155
2204
2241
2190
2179
2202
2233
2147
2231
2280
2270
2267
2258
2204
1964
2226
2175
2270
2233
2193
2196
2190
2189
2148
2205
2253
2244
2204
2235
2244
2175
2192
2200
2162
2217
2209
2219
2175
2229
2253
2122
2213
2266
2200
2206
2176
2052
2200
2257
2218
2213
2247
2171
2169
2122
2270
2240
2207
2006
1517
2172
2168
2189
2227
2286
2271
2140
2157
2204
2154
2279
2150
2261
2157
2225
2177
2254
2225
2135
2166
2178
2185
2242
2278
2143
2216
2282
2231
2261
2226
2265
2171
2229
2169
2234
2174
2215
2176
2159
2250
2208
2239
2242
2224
2208
2212
2204
2292
2216
2161
2215
2244
2254
2239
2144
2156
2151
2176
2243
2190
2229
2207
2265
2289
2234
2144
2260
2191
2267
2228
2179
2198
2191
2225
2199
2270
2179
2189
2235
2155
2189
2112
2145
2237
2191
2172
2246
2220
2222
2133
2173
2223
2266
2230
2217
2216
2231
2223
2255
2254
2171
2274
2133
2265
2354
2256
2136
2189
2155
2131
2241
2235
2235
2097
1043
2196
2213
2217
2236
2208
2265
2197
2230
2257
2217
2181
2259
2204
2171
2266
2216
2206
2254
2248
2168
2205
2192
2212
2099
2249
2143
2212
2232
2200
2236
2240
2274
2211
2262
2255
2240
2187
2360
2235
2168
2167
2167
2245
2179
2294
2024
2243
2248
2201
2186
2222
2246
2185
2187
2283
2211
2229
2272
2253
2220
2188
2214
2174
2168
2241
2166
2070
2245
2065
2208
2176
2130
2213
2269
2279
2272
2230
2263
2211
2158
2164
2130
2263
2267
2183
2254
2237
2183
2133
2164
2252
2191
2263
2148
2300
2169
2271
2183
2213
2124
2191
2229
2203
2165
2083
2184
2154
2192
2266
1210
2238
2237
2200
2158
2126
2162
2243
2158
2291
2176
2232
2313
2204
2100
2156
2200
2167
2248
2319
2112
2173
2274
2195
2164
2202
2241
2164
2179
2255
2094
2203
2252
2200
2213
2204
2204
2257
2253
2144
2180
2198
2234
2240
2209
2167
2134
2171
2155
2330
2250
2206
2249
2238
2290
2215
2243
2162
2253
2224
2249
2278
2242
2168
2175
1867
2280
2311
453
2183
2249
2223
2170
2227
2181
2297
2222
2181
2254
2223
2181
2144
2286
2218
2221
2190
2320
2135
2167
2204
2242
2188
2200
2215
2237
2212
2237
2213
2265
2251
2214
2143
1723
2174
2213
2177
2127
2178
2259
2113
2167
2208
2134
2248
2184
2190
2207
2250
2195
2146
2211
2280
2238
2218
2239
2188
2122
2176
2220
2134
2127
2144
2246
2220
2230
2201
2314
2229
2278
2162
2197
2204
2182
2204
2228
2185
2236
2199
2238
2200
2179
2203
2167
2156
2243
2209
2105
2182
2197
2195
2227
2103
2243
2345
2166
2224
2203
2278
2211
2214
2189
2266
2171
2244
2177
2197
1086
2282
2195
2226
2207
2250
2159
2225
2271
2168
2237
2259
2138
2274
2121
2224
2215
2259
2151
782
2203
2192
2239
1268
2184
1771
2228
2232
2273
2234
2257
2263
2169
2129
2220
2277
2044
2335
2200
2184
2206
2201
2184
2263
2157
2187
2232
2150
2272
2184
